CIUDAD,AÑO,CV4,MA3_2
Bucaramanga,2010,Seguro,Algo insatisfecho
Bucaramanga,2010,Algo seguro,Algo satisfecho
Bucaramanga,2010,Seguro,Muy satisfecho
Bucaramanga,2010,Algo seguro,Muy satisfecho
Bucaramanga,2010,Muy seguro,Algo insatisfecho
Bucaramanga,2010,Algo seguro,Algo satisfecho
Bucaramanga,2010,Algo seguro,Algo insatisfecho
Bucaramanga,2010,Seguro,Ni satisfecho ni insatisfecho
Bucaramanga,2010,Algo seguro,Ni satisfecho ni insatisfecho
Bucaramanga,2010,Seguro,Algo insatisfecho
Bucaramanga,2010,Seguro,Algo satisfecho
Bucaramanga,2010,Muy seguro,Algo insatisfecho
Bucaramanga,2010,Seguro,Algo insatisfecho
Bucaramanga,2010,Algo seguro,Algo satisfecho
Bucaramanga,2010,Algo seguro,Muy satisfecho
Bucaramanga,2010,Poco seguro,Muy satisfecho
Bucaramanga,2010,Algo seguro,Ni satisfecho ni insatisfecho
Bucaramanga,2010,Algo seguro,Muy satisfecho
Bucaramanga,2010,Seguro,Algo satisfecho
Bucaramanga,2010,Seguro,Algo satisfecho
Bucaramanga,2010,Muy seguro,Algo satisfecho
Bucaramanga,2010,Seguro,Ni satisfecho ni insatisfecho
Bucaramanga,2010,Algo seguro,Algo satisfecho
Bucaramanga,2010,Muy seguro,Algo insatisfecho
Bucaramanga,2010,Seguro,Algo insatisfecho
Bucaramanga,2010,Seguro,Algo satisfecho
Bucaramanga,2010,Seguro,Algo insatisfecho
Bucaramanga,2010,Algo seguro,Muy insatisfecho
Bucaramanga,2010,Algo seguro,Algo insatisfecho
Bucaramanga,2010,Seguro,Ni satisfecho ni insatisfecho
Bucaramanga,2010,Nada seguro,Algo satisfecho
Bucaramanga,2010,Nada seguro,Algo satisfecho
Bucaramanga,2010,Algo seguro,Algo satisfecho
Bucaramanga,2010,Algo seguro,Algo satisfecho
Bucaramanga,2010,Poco seguro,Algo satisfecho
Bucaramanga,2010,Algo seguro,Muy satisfecho
Bucaramanga,2010,Algo seguro,Muy satisfecho
Bucaramanga,2010,Algo seguro,Algo satisfecho
Bucaramanga,2010,Seguro,Muy satisfecho
Bucaramanga,2010,Algo seguro,Ni satisfecho ni insatisfecho
Bucaramanga,2010,Seguro,Muy satisfecho
Bucaramanga,2010,Algo seguro,Ni satisfecho ni insatisfecho
Bucaramanga,2010,Seguro,Algo satisfecho
Bucaramanga,2010,Seguro,Algo satisfecho
Bucaramanga,2010,Algo seguro,Algo satisfecho
Bucaramanga,2010,Poco seguro,Algo satisfecho
Bucaramanga,2010,Seguro,Algo satisfecho
Bucaramanga,2010,Seguro,Algo satisfecho
Bucaramanga,2010,Seguro,Algo satisfecho
Bucaramanga,2010,Algo seguro,Algo satisfecho
Bucaramanga,2010,Poco seguro,Algo satisfecho
Bucaramanga,2010,Algo seguro,Ni satisfecho ni insatisfecho
Bucaramanga,2010,Muy seguro,Algo satisfecho
Bucaramanga,2010,Seguro,Ni satisfecho ni insatisfecho
Bucaramanga,2010,Poco seguro,Algo insatisfecho
Bucaramanga,2010,Seguro,Algo satisfecho
Bucaramanga,2010,Algo seguro,Ni satisfecho ni insatisfecho
Bucaramanga,2010,Algo seguro,Ni satisfecho ni insatisfecho
Bucaramanga,2010,Seguro,Ni satisfecho ni insatisfecho
Bucaramanga,2010,Seguro,Ni satisfecho ni insatisfecho
Bucaramanga,2010,Algo seguro,Ni satisfecho ni insatisfecho
Bucaramanga,2010,Muy seguro,Muy insatisfecho
Bucaramanga,2010,Algo seguro,Algo insatisfecho
Bucaramanga,2010,Algo seguro,Ni satisfecho ni insatisfecho
Bucaramanga,2010,Algo seguro,Ni satisfecho ni insatisfecho
Bucaramanga,2010,Algo seguro,Ni satisfecho ni insatisfecho
Bucaramanga,2010,Seguro,Ni satisfecho ni insatisfecho
Bucaramanga,2010,Algo seguro,Algo satisfecho
Bucaramanga,2010,Algo seguro,Algo satisfecho
Bucaramanga,2010,Seguro,Ni satisfecho ni insatisfecho
Bucaramanga,2010,Algo seguro,Algo insatisfecho
Bucaramanga,2010,Seguro,Algo satisfecho
Bucaramanga,2010,Poco seguro,Algo insatisfecho
Bucaramanga,2010,Nada seguro,Ni satisfecho ni insatisfecho
Bucaramanga,2010,Seguro,Algo insatisfecho
Bucaramanga,2010,Seguro,Ni satisfecho ni insatisfecho
Bucaramanga,2010,Seguro,Ni satisfecho ni insatisfecho
Bucaramanga,2010,Nada seguro,Ni satisfecho ni insatisfecho
Bucaramanga,2010,Seguro,Muy satisfecho
Bucaramanga,2010,Seguro,Algo satisfecho
Bucaramanga,2010,Seguro,Ni satisfecho ni insatisfecho
Bucaramanga,2010,Seguro,Ni satisfecho ni insatisfecho
Bucaramanga,2010,Algo seguro,Muy satisfecho
Bucaramanga,2010,Seguro,Algo satisfecho
Bucaramanga,2010,Muy seguro,Algo insatisfecho
Bucaramanga,2010,Algo seguro,Algo satisfecho
Bucaramanga,2010,Algo seguro,Algo insatisfecho
Bucaramanga,2010,Algo seguro,Ni satisfecho ni insatisfecho
Bucaramanga,2010,Muy seguro,Ni satisfecho ni insatisfecho
Bucaramanga,2010,Muy seguro,Ni satisfecho ni insatisfecho
Bucaramanga,2010,Muy seguro,Ni satisfecho ni insatisfecho
Bucaramanga,2010,Algo seguro,Muy satisfecho
Bucaramanga,2010,Muy seguro,Muy satisfecho
Bucaramanga,2010,Seguro,Ni satisfecho ni insatisfecho
Bucaramanga,2010,Muy seguro,Algo satisfecho
Bucaramanga,2010,Poco seguro,Muy insatisfecho
Bucaramanga,2010,Poco seguro,Algo insatisfecho
Bucaramanga,2010,Seguro,Ni satisfecho ni insatisfecho
Bucaramanga,2010,Poco seguro,Algo insatisfecho
Bucaramanga,2010,Seguro,Ni satisfecho ni insatisfecho
Bucaramanga,2010,Nada seguro,Muy satisfecho
Bucaramanga,2010,Muy seguro,Muy insatisfecho
Bucaramanga,2010,Seguro,Ni satisfecho ni insatisfecho
Bucaramanga,2010,Poco seguro,Ni satisfecho ni insatisfecho
Bucaramanga,2010,Algo seguro,Muy insatisfecho
Bucaramanga,2010,Seguro,Ni satisfecho ni insatisfecho
Bucaramanga,2010,Muy seguro,Ni satisfecho ni insatisfecho
Bucaramanga,2010,Poco seguro,Algo insatisfecho
Bucaramanga,2010,Nada seguro,Algo insatisfecho
Bucaramanga,2010,Algo seguro,Ni satisfecho ni insatisfecho
Bucaramanga,2010,Poco seguro,Ni satisfecho ni insatisfecho
Bucaramanga,2010,Algo seguro,Algo insatisfecho
Bucaramanga,2010,Algo seguro,Algo satisfecho
Bucaramanga,2010,Muy seguro,Algo satisfecho
Bucaramanga,2010,Algo seguro,Ni satisfecho ni insatisfecho
Bucaramanga,2010,Algo seguro,Algo satisfecho
Bucaramanga,2010,Poco seguro,Algo insatisfecho
Bucaramanga,2010,Nada seguro,Ni satisfecho ni insatisfecho
Bucaramanga,2010,Algo seguro,Algo insatisfecho
Bucaramanga,2010,Algo seguro,Ni satisfecho ni insatisfecho
Bucaramanga,2010,Seguro,Ni satisfecho ni insatisfecho
Bucaramanga,2010,Seguro,Algo satisfecho
Bucaramanga,2010,Seguro,Algo satisfecho
Bucaramanga,2010,Algo seguro,Algo satisfecho
Bucaramanga,2010,Muy seguro,Muy insatisfecho
Bucaramanga,2010,Seguro,Algo satisfecho
Bucaramanga,2010,Algo seguro,Ni satisfecho ni insatisfecho
Bucaramanga,2010,Poco seguro,Ni satisfecho ni insatisfecho
Bucaramanga,2010,Poco seguro,Ni satisfecho ni insatisfecho
Bucaramanga,2010,Algo seguro,Ni satisfecho ni insatisfecho
Bucaramanga,2010,Algo seguro,Ni satisfecho ni insatisfecho
Bucaramanga,2010,Algo seguro,Ni satisfecho ni insatisfecho
Bucaramanga,2010,Nada seguro,Ni satisfecho ni insatisfecho
Bucaramanga,2010,Nada seguro,Ni satisfecho ni insatisfecho
Bucaramanga,2010,Algo seguro,Ni satisfecho ni insatisfecho
Bucaramanga,2010,Algo seguro,Ni satisfecho ni insatisfecho
Bucaramanga,2010,Algo seguro,Algo satisfecho
Bucaramanga,2010,Poco seguro,Algo insatisfecho
Bucaramanga,2010,Algo seguro,Algo satisfecho
Bucaramanga,2010,Algo seguro,Algo satisfecho
Bucaramanga,2010,Nada seguro,Muy insatisfecho
Bucaramanga,2010,Algo seguro,Ni satisfecho ni insatisfecho
Bucaramanga,2010,Muy seguro,Algo insatisfecho
Bucaramanga,2010,Seguro,Algo insatisfecho
Bucaramanga,2010,Seguro,Algo insatisfecho
Bucaramanga,2010,Poco seguro,Algo insatisfecho
Bucaramanga,2010,Algo seguro,Ni satisfecho ni insatisfecho
Bucaramanga,2010,Seguro,Algo satisfecho
Bucaramanga,2010,Seguro,Algo satisfecho
Bucaramanga,2010,Algo seguro,Muy satisfecho
Bucaramanga,2010,Seguro,Algo satisfecho
Bucaramanga,2010,Algo seguro,Algo insatisfecho
Bucaramanga,2010,Seguro,Ni satisfecho ni insatisfecho
Bucaramanga,2010,Seguro,Algo satisfecho
Bucaramanga,2010,Algo seguro,Ni satisfecho ni insatisfecho
Bucaramanga,2010,Algo seguro,Muy satisfecho
Bucaramanga,2010,Algo seguro,Muy insatisfecho
Bucaramanga,2010,Muy seguro,Algo satisfecho
Bucaramanga,2010,Algo seguro,Algo satisfecho
Bucaramanga,2010,Poco seguro,Ni satisfecho ni insatisfecho
Bucaramanga,2010,Seguro,Algo insatisfecho
Bucaramanga,2010,Muy seguro,Algo satisfecho
Bucaramanga,2010,Seguro,Muy insatisfecho
Bucaramanga,2010,Algo seguro,Muy satisfecho
Bucaramanga,2010,Algo seguro,Ni satisfecho ni insatisfecho
Bucaramanga,2010,Seguro,Ni satisfecho ni insatisfecho
Bucaramanga,2010,Muy seguro,Algo insatisfecho
Bucaramanga,2010,Seguro,Ni satisfecho ni insatisfecho
Bucaramanga,2010,Algo seguro,Algo insatisfecho
Bucaramanga,2010,Nada seguro,Algo insatisfecho
Bucaramanga,2010,Poco seguro,Algo satisfecho
Bucaramanga,2010,Poco seguro,Ni satisfecho ni insatisfecho
Bucaramanga,2010,Muy seguro,Ni satisfecho ni insatisfecho
Bucaramanga,2010,Seguro,Ni satisfecho ni insatisfecho
Bucaramanga,2010,Muy seguro,Algo insatisfecho
Bucaramanga,2010,Muy seguro,Ni satisfecho ni insatisfecho
Bucaramanga,2010,Seguro,Algo insatisfecho
Bucaramanga,2010,Muy seguro,Muy satisfecho
Bucaramanga,2010,Algo seguro,Algo insatisfecho
Bucaramanga,2010,Seguro,Ni satisfecho ni insatisfecho
Bucaramanga,2010,Algo seguro,Muy insatisfecho
Bucaramanga,2010,Seguro,Algo satisfecho
Bucaramanga,2010,Seguro,Ni satisfecho ni insatisfecho
Bucaramanga,2010,Muy seguro,Muy satisfecho
Bucaramanga,2010,Muy seguro,Ni satisfecho ni insatisfecho
Bucaramanga,2010,Muy seguro,Ni satisfecho ni insatisfecho
Bucaramanga,2010,Algo seguro,Ni satisfecho ni insatisfecho
Bucaramanga,2010,Seguro,Algo satisfecho
Bucaramanga,2010,Seguro,Ni satisfecho ni insatisfecho
Bucaramanga,2010,Seguro,Ni satisfecho ni insatisfecho
Bucaramanga,2010,Seguro,Algo insatisfecho
Bucaramanga,2010,Seguro,Algo insatisfecho
Bucaramanga,2010,Seguro,Ni satisfecho ni insatisfecho
Bucaramanga,2010,Algo seguro,Ni satisfecho ni insatisfecho
Bucaramanga,2010,Seguro,Algo satisfecho
Bucaramanga,2010,Muy seguro,Ni satisfecho ni insatisfecho
Bucaramanga,2010,Algo seguro,Ni satisfecho ni insatisfecho
Bucaramanga,2010,Poco seguro,Algo satisfecho
Bucaramanga,2010,Seguro,Ni satisfecho ni insatisfecho
Bucaramanga,2010,Seguro,Ni satisfecho ni insatisfecho
Bucaramanga,2010,Algo seguro,Ni satisfecho ni insatisfecho
Bucaramanga,2010,Seguro,Algo insatisfecho
Bucaramanga,2010,Muy seguro,Algo satisfecho
Bucaramanga,2010,Algo seguro,Ni satisfecho ni insatisfecho
Bucaramanga,2010,Seguro,Algo satisfecho
Bucaramanga,2010,Seguro,Algo insatisfecho
Bucaramanga,2010,Seguro,Ni satisfecho ni insatisfecho
Bucaramanga,2010,Algo seguro,Algo satisfecho
Bucaramanga,2010,Muy seguro,Algo insatisfecho
Bucaramanga,2010,Algo seguro,Ni satisfecho ni insatisfecho
Bucaramanga,2010,Muy seguro,Ni satisfecho ni insatisfecho
Bucaramanga,2010,Algo seguro,Muy insatisfecho
Bucaramanga,2010,Algo seguro,Ni satisfecho ni insatisfecho
Bucaramanga,2010,Algo seguro,Ni satisfecho ni insatisfecho
Bucaramanga,2010,Algo seguro,Algo insatisfecho
Bucaramanga,2010,Algo seguro,Algo satisfecho
Bucaramanga,2010,Muy seguro,Algo satisfecho
Bucaramanga,2010,Algo seguro,Muy insatisfecho
Bucaramanga,2010,Muy seguro,Algo satisfecho
Bucaramanga,2010,Poco seguro,Ni satisfecho ni insatisfecho
Bucaramanga,2010,Seguro,Algo insatisfecho
Bucaramanga,2010,Poco seguro,Ni satisfecho ni insatisfecho
Bucaramanga,2010,Algo seguro,Algo insatisfecho
Bucaramanga,2010,Algo seguro,Algo insatisfecho
Bucaramanga,2010,Algo seguro,Algo satisfecho
Bucaramanga,2010,Seguro,Ni satisfecho ni insatisfecho
Bucaramanga,2010,Muy seguro,Algo satisfecho
Bucaramanga,2010,Muy seguro,Muy insatisfecho
Bucaramanga,2010,Algo seguro,Ni satisfecho ni insatisfecho
Bucaramanga,2010,Seguro,Ni satisfecho ni insatisfecho
Bucaramanga,2010,Seguro,Ni satisfecho ni insatisfecho
Bucaramanga,2010,Seguro,Ni satisfecho ni insatisfecho
Bucaramanga,2010,Seguro,Ni satisfecho ni insatisfecho
Bucaramanga,2010,Poco seguro,Muy insatisfecho
Bucaramanga,2010,Algo seguro,Algo satisfecho
Bucaramanga,2010,Algo seguro,Ni satisfecho ni insatisfecho
Bucaramanga,2010,Seguro,Algo satisfecho
Bucaramanga,2010,Poco seguro,Ni satisfecho ni insatisfecho
Bucaramanga,2010,Seguro,Algo satisfecho
Bucaramanga,2010,Seguro,Muy insatisfecho
Bucaramanga,2010,Seguro,Muy insatisfecho
Bucaramanga,2010,Seguro,Algo insatisfecho
Bucaramanga,2010,Algo seguro,Algo insatisfecho
Bucaramanga,2010,Seguro,Algo insatisfecho
Bucaramanga,2010,Nada seguro,Muy insatisfecho
Bucaramanga,2010,Seguro,Algo satisfecho
Bucaramanga,2010,Algo seguro,Algo insatisfecho
Bucaramanga,2010,Seguro,Ni satisfecho ni insatisfecho
Bucaramanga,2010,Muy seguro,Ni satisfecho ni insatisfecho
Bucaramanga,2010,Algo seguro,Ni satisfecho ni insatisfecho
Bucaramanga,2010,Algo seguro,Ni satisfecho ni insatisfecho
Bucaramanga,2010,Nada seguro,Muy insatisfecho
Bucaramanga,2010,Seguro,Ni satisfecho ni insatisfecho
Bucaramanga,2010,Algo seguro,Ni satisfecho ni insatisfecho
Bucaramanga,2010,Seguro,Algo satisfecho
Bucaramanga,2010,Poco seguro,Algo satisfecho
Bucaramanga,2010,Algo seguro,Algo satisfecho
Bucaramanga,2010,Algo seguro,Ni satisfecho ni insatisfecho
Bucaramanga,2010,Seguro,Ni satisfecho ni insatisfecho
Bucaramanga,2010,Seguro,Ni satisfecho ni insatisfecho
Bucaramanga,2010,Poco seguro,Ni satisfecho ni insatisfecho
Bucaramanga,2010,Poco seguro,Algo satisfecho
Bucaramanga,2010,Algo seguro,Algo satisfecho
Bucaramanga,2010,Algo seguro,Algo satisfecho
Bucaramanga,2010,Algo seguro,Algo satisfecho
Bucaramanga,2010,Algo seguro,Algo satisfecho
Bucaramanga,2010,Seguro,Algo insatisfecho
Bucaramanga,2010,Seguro,Ni satisfecho ni insatisfecho
Bucaramanga,2010,Poco seguro,Algo insatisfecho
Bucaramanga,2010,Poco seguro,Algo insatisfecho
Bucaramanga,2010,Seguro,Ni satisfecho ni insatisfecho
Bucaramanga,2010,Poco seguro,Ni satisfecho ni insatisfecho
Bucaramanga,2010,Seguro,Ni satisfecho ni insatisfecho
Bucaramanga,2010,Algo seguro,Ni satisfecho ni insatisfecho
Bucaramanga,2010,Nada seguro,Algo insatisfecho
Bucaramanga,2010,Nada seguro,Ni satisfecho ni insatisfecho
Bucaramanga,2010,Seguro,Algo insatisfecho
Bucaramanga,2010,Algo seguro,Ni satisfecho ni insatisfecho
Bucaramanga,2010,Seguro,Ni satisfecho ni insatisfecho
Bucaramanga,2010,Nada seguro,Algo insatisfecho
Bucaramanga,2010,Muy seguro,Algo insatisfecho
Bucaramanga,2010,Nada seguro,Ni satisfecho ni insatisfecho
Bucaramanga,2010,Algo seguro,Ni satisfecho ni insatisfecho
Bucaramanga,2010,Seguro,Ni satisfecho ni insatisfecho
Bucaramanga,2010,Seguro,Algo satisfecho
Bucaramanga,2010,Seguro,Ni satisfecho ni insatisfecho
Bucaramanga,2010,Poco seguro,Algo insatisfecho
Bucaramanga,2010,Algo seguro,Muy insatisfecho
Bucaramanga,2010,Nada seguro,Ni satisfecho ni insatisfecho
Bucaramanga,2010,Algo seguro,Algo satisfecho
Bucaramanga,2010,Seguro,Ni satisfecho ni insatisfecho
Bucaramanga,2010,Muy seguro,Muy satisfecho
Bucaramanga,2010,Algo seguro,Ni satisfecho ni insatisfecho
Bucaramanga,2010,Seguro,Algo insatisfecho
Bucaramanga,2010,Algo seguro,Ni satisfecho ni insatisfecho
Bucaramanga,2010,Algo seguro,Ni satisfecho ni insatisfecho
Bucaramanga,2010,Algo seguro,Algo insatisfecho
Bucaramanga,2010,Seguro,Algo insatisfecho
Bucaramanga,2010,Algo seguro,Muy insatisfecho
Bucaramanga,2010,Poco seguro,Muy insatisfecho
Bucaramanga,2010,Nada seguro,Muy insatisfecho
Bucaramanga,2010,Seguro,Muy insatisfecho
Bucaramanga,2010,Seguro,Ni satisfecho ni insatisfecho
Bucaramanga,2010,Algo seguro,Algo insatisfecho
Bucaramanga,2010,Algo seguro,Algo insatisfecho
Bucaramanga,2010,Poco seguro,Algo satisfecho
Bucaramanga,2010,Seguro,Muy insatisfecho
Bucaramanga,2010,Seguro,Ni satisfecho ni insatisfecho
Bucaramanga,2010,Muy seguro,Algo satisfecho
Bucaramanga,2010,Algo seguro,Muy insatisfecho
Bucaramanga,2010,Seguro,Algo satisfecho
Bucaramanga,2010,Seguro,Ni satisfecho ni insatisfecho
Bucaramanga,2010,Algo seguro,Algo insatisfecho
Bucaramanga,2010,Algo seguro,Ni satisfecho ni insatisfecho
Bucaramanga,2010,Seguro,Ni satisfecho ni insatisfecho
Bucaramanga,2010,Seguro,Ni satisfecho ni insatisfecho
Bucaramanga,2010,Algo seguro,Ni satisfecho ni insatisfecho
Bucaramanga,2010,Algo seguro,Ni satisfecho ni insatisfecho
Bucaramanga,2010,Poco seguro,Algo insatisfecho
Bucaramanga,2010,Seguro,Algo satisfecho
Bucaramanga,2010,Seguro,Algo satisfecho
Bucaramanga,2010,Seguro,Ni satisfecho ni insatisfecho
Bucaramanga,2010,Muy seguro,Ni satisfecho ni insatisfecho
Bucaramanga,2010,Algo seguro,Ni satisfecho ni insatisfecho
Bucaramanga,2010,Algo seguro,Ni satisfecho ni insatisfecho
Bucaramanga,2010,Poco seguro,Algo insatisfecho
Bucaramanga,2010,Poco seguro,Ni satisfecho ni insatisfecho
Bucaramanga,2010,Seguro,Ni satisfecho ni insatisfecho
Bucaramanga,2010,Poco seguro,Muy insatisfecho
Bucaramanga,2010,Poco seguro,Ni satisfecho ni insatisfecho
Bucaramanga,2010,Algo seguro,Muy insatisfecho
Bucaramanga,2010,Seguro,Ni satisfecho ni insatisfecho
Bucaramanga,2010,Algo seguro,Ni satisfecho ni insatisfecho
Bucaramanga,2010,Seguro,Algo insatisfecho
Bucaramanga,2010,Seguro,Muy insatisfecho
Bucaramanga,2010,Algo seguro,Algo insatisfecho
Bucaramanga,2010,Algo seguro,Algo insatisfecho
Bucaramanga,2010,Algo seguro,Ni satisfecho ni insatisfecho
Bucaramanga,2010,Poco seguro,Algo insatisfecho
Bucaramanga,2010,Algo seguro,Algo insatisfecho
Bucaramanga,2010,Seguro,Algo insatisfecho
Bucaramanga,2010,Algo seguro,Algo insatisfecho
Bucaramanga,2010,Algo seguro,Algo insatisfecho
Bucaramanga,2010,Algo seguro,Algo insatisfecho
Bucaramanga,2010,Algo seguro,Algo insatisfecho
Bucaramanga,2010,Muy seguro,Algo insatisfecho
Bucaramanga,2010,Algo seguro,Algo insatisfecho
Bucaramanga,2010,Nada seguro,Algo insatisfecho
Bucaramanga,2010,Muy seguro,Ni satisfecho ni insatisfecho
Bucaramanga,2010,Poco seguro,Ni satisfecho ni insatisfecho
Bucaramanga,2010,Muy seguro,Algo insatisfecho
Bucaramanga,2010,Algo seguro,Ni satisfecho ni insatisfecho
Bucaramanga,2010,Nada seguro,Muy insatisfecho
Bucaramanga,2010,Nada seguro,Ni satisfecho ni insatisfecho
Bucaramanga,2010,Muy seguro,Algo satisfecho
Bucaramanga,2010,Seguro,Muy insatisfecho
Bucaramanga,2010,Seguro,Ni satisfecho ni insatisfecho
Bucaramanga,2010,Algo seguro,Algo insatisfecho
Bucaramanga,2010,Algo seguro,Ni satisfecho ni insatisfecho
Bucaramanga,2010,Poco seguro,Ni satisfecho ni insatisfecho
Bucaramanga,2010,Algo seguro,Muy satisfecho
Bucaramanga,2010,Seguro,Muy satisfecho
Bucaramanga,2010,Seguro,Muy satisfecho
Bucaramanga,2010,Algo seguro,Algo satisfecho
Bucaramanga,2010,Seguro,Muy satisfecho
Bucaramanga,2010,Seguro,Ni satisfecho ni insatisfecho
Bucaramanga,2010,Nada seguro,Muy satisfecho
Bucaramanga,2010,Muy seguro,Muy satisfecho
Bucaramanga,2010,Nada seguro,Muy satisfecho
Bucaramanga,2010,Algo seguro,Ni satisfecho ni insatisfecho
Bucaramanga,2010,Seguro,Ni satisfecho ni insatisfecho
Bucaramanga,2010,Algo seguro,Ni satisfecho ni insatisfecho
Bucaramanga,2010,Algo seguro,Algo insatisfecho
Bucaramanga,2010,Poco seguro,Algo insatisfecho
Bucaramanga,2010,Seguro,Algo satisfecho
Bucaramanga,2010,Muy seguro,Algo insatisfecho
Bucaramanga,2010,Muy seguro,Algo satisfecho
Bucaramanga,2010,Algo seguro,Algo insatisfecho
Bucaramanga,2010,Seguro,Muy insatisfecho
Bucaramanga,2010,Algo seguro,Muy insatisfecho
Bucaramanga,2010,Algo seguro,Algo insatisfecho
Bucaramanga,2010,Muy seguro,Algo satisfecho
Bucaramanga,2010,Seguro,Algo satisfecho
Bucaramanga,2010,Seguro,Ni satisfecho ni insatisfecho
Bucaramanga,2010,Seguro,Ni satisfecho ni insatisfecho
Bucaramanga,2010,Seguro,Ni satisfecho ni insatisfecho
Bucaramanga,2010,Algo seguro,Algo insatisfecho
Bucaramanga,2010,Algo seguro,Ni satisfecho ni insatisfecho
Bucaramanga,2010,Algo seguro,Algo insatisfecho
Bucaramanga,2010,Seguro,Ni satisfecho ni insatisfecho
Bucaramanga,2010,Algo seguro,Ni satisfecho ni insatisfecho
Bucaramanga,2010,Seguro,Algo satisfecho
Bucaramanga,2010,Poco seguro,Algo satisfecho
Bucaramanga,2010,Seguro,Algo satisfecho
Bucaramanga,2010,Algo seguro,Ni satisfecho ni insatisfecho
Bucaramanga,2010,Algo seguro,Algo insatisfecho
Bucaramanga,2010,Algo seguro,Algo insatisfecho
Bucaramanga,2010,Seguro,Ni satisfecho ni insatisfecho
Bucaramanga,2010,Poco seguro,Ni satisfecho ni insatisfecho
Bucaramanga,2010,Algo seguro,Algo satisfecho
Bucaramanga,2010,Algo seguro,Algo satisfecho
Bucaramanga,2010,Seguro,Algo satisfecho
Bucaramanga,2010,Seguro,Algo satisfecho
Bucaramanga,2010,Seguro,Ni satisfecho ni insatisfecho
Bucaramanga,2010,Nada seguro,Ni satisfecho ni insatisfecho
Bucaramanga,2010,Poco seguro,Algo insatisfecho
Bucaramanga,2010,Algo seguro,Algo insatisfecho
Bucaramanga,2010,Muy seguro,Algo satisfecho
Bucaramanga,2010,Seguro,Ni satisfecho ni insatisfecho
Bucaramanga,2010,Algo seguro,Algo satisfecho
Bucaramanga,2010,Algo seguro,Algo insatisfecho
Bucaramanga,2010,Muy seguro,Muy satisfecho
Bucaramanga,2010,Seguro,Algo satisfecho
Bucaramanga,2010,Algo seguro,Muy satisfecho
Bucaramanga,2010,Algo seguro,Algo insatisfecho
Bucaramanga,2010,Seguro,Algo insatisfecho
Bucaramanga,2010,Algo seguro,Muy insatisfecho
Bucaramanga,2010,Algo seguro,Ni satisfecho ni insatisfecho
Bucaramanga,2010,Algo seguro,Ni satisfecho ni insatisfecho
Bucaramanga,2010,Muy seguro,Ni satisfecho ni insatisfecho
Bucaramanga,2010,Algo seguro,Ni satisfecho ni insatisfecho
Bucaramanga,2010,Seguro,Algo insatisfecho
Bucaramanga,2010,Algo seguro,Ni satisfecho ni insatisfecho
Bucaramanga,2010,Muy seguro,Ni satisfecho ni insatisfecho
Bucaramanga,2010,Poco seguro,Ni satisfecho ni insatisfecho
Bucaramanga,2010,Muy seguro,Ni satisfecho ni insatisfecho
Bucaramanga,2010,Seguro,Algo satisfecho
Bucaramanga,2010,Seguro,Algo satisfecho
Bucaramanga,2010,Seguro,Muy satisfecho
Bucaramanga,2010,Algo seguro,Algo insatisfecho
Bucaramanga,2010,Algo seguro,Ni satisfecho ni insatisfecho
Bucaramanga,2010,Algo seguro,Ni satisfecho ni insatisfecho
Bucaramanga,2010,Poco seguro,Algo satisfecho
Bucaramanga,2010,Seguro,Ni satisfecho ni insatisfecho
Bucaramanga,2010,Poco seguro,Algo satisfecho
Bucaramanga,2010,Seguro,Ni satisfecho ni insatisfecho
Bucaramanga,2010,Muy seguro,Ni satisfecho ni insatisfecho
Bucaramanga,2010,Seguro,Ni satisfecho ni insatisfecho
Bucaramanga,2010,Poco seguro,Ni satisfecho ni insatisfecho
Bucaramanga,2010,Seguro,Ni satisfecho ni insatisfecho
Bucaramanga,2010,Algo seguro,Ni satisfecho ni insatisfecho
Bucaramanga,2010,Muy seguro,Ni satisfecho ni insatisfecho
Bucaramanga,2010,Seguro,Algo insatisfecho
Bucaramanga,2010,Algo seguro,Ni satisfecho ni insatisfecho
Bucaramanga,2010,Nada seguro,Ni satisfecho ni insatisfecho
Bucaramanga,2010,Muy seguro,Ni satisfecho ni insatisfecho
Bucaramanga,2010,Algo seguro,Ni satisfecho ni insatisfecho
Bucaramanga,2010,Algo seguro,Ni satisfecho ni insatisfecho
Bucaramanga,2010,Algo seguro,Algo insatisfecho
Bucaramanga,2010,Algo seguro,Algo insatisfecho
Bucaramanga,2010,Seguro,Muy satisfecho
Bucaramanga,2010,Algo seguro,Algo insatisfecho
Bucaramanga,2010,Algo seguro,Algo insatisfecho
Bucaramanga,2010,Seguro,Ni satisfecho ni insatisfecho
Bucaramanga,2010,Algo seguro,Algo insatisfecho
Bucaramanga,2010,Muy seguro,Algo satisfecho
Bucaramanga,2010,Seguro,Algo insatisfecho
Bucaramanga,2010,Muy seguro,Ni satisfecho ni insatisfecho
Bucaramanga,2010,Algo seguro,Ni satisfecho ni insatisfecho
Bucaramanga,2010,Seguro,Algo insatisfecho
Bucaramanga,2010,Nada seguro,Algo insatisfecho
Bucaramanga,2010,Algo seguro,Ni satisfecho ni insatisfecho
Bucaramanga,2010,Muy seguro,Ni satisfecho ni insatisfecho
Bucaramanga,2010,Muy seguro,Algo satisfecho
Bucaramanga,2010,Muy seguro,Algo satisfecho
Bucaramanga,2010,Algo seguro,Ni satisfecho ni insatisfecho
Bucaramanga,2010,Seguro,Ni satisfecho ni insatisfecho
Bucaramanga,2010,Muy seguro,Ni satisfecho ni insatisfecho
Bucaramanga,2010,Poco seguro,Ni satisfecho ni insatisfecho
Bucaramanga,2010,Algo seguro,Ni satisfecho ni insatisfecho
Bucaramanga,2010,Algo seguro,Algo satisfecho
Bucaramanga,2010,Algo seguro,Ni satisfecho ni insatisfecho
Bucaramanga,2010,Algo seguro,Ni satisfecho ni insatisfecho
Bucaramanga,2010,Algo seguro,Muy insatisfecho
Bucaramanga,2010,Poco seguro,Algo insatisfecho
Bucaramanga,2010,Algo seguro,Algo satisfecho
Bucaramanga,2010,Seguro,Muy satisfecho
Bucaramanga,2010,Algo seguro,Algo satisfecho
Bucaramanga,2010,Seguro,Algo satisfecho
Bucaramanga,2010,Algo seguro,Algo insatisfecho
Bucaramanga,2010,Seguro,Algo insatisfecho
Bucaramanga,2010,Algo seguro,Algo insatisfecho
Bucaramanga,2010,Algo seguro,Ni satisfecho ni insatisfecho
Bucaramanga,2010,Seguro,Algo insatisfecho
Bucaramanga,2010,Seguro,Algo insatisfecho
Bucaramanga,2010,Algo seguro,Algo insatisfecho
Bucaramanga,2010,Algo seguro,Algo insatisfecho
Bucaramanga,2010,Algo seguro,Ni satisfecho ni insatisfecho
Bucaramanga,2010,Poco seguro,Algo satisfecho
Bucaramanga,2010,Poco seguro,Ni satisfecho ni insatisfecho
Bucaramanga,2010,Muy seguro,Muy satisfecho
Bucaramanga,2010,Muy seguro,Algo insatisfecho
Bucaramanga,2010,Poco seguro,Algo satisfecho
Bucaramanga,2010,Algo seguro,Algo insatisfecho
Bucaramanga,2010,Algo seguro,Algo satisfecho
Bucaramanga,2010,Seguro,Muy satisfecho
Bucaramanga,2010,Seguro,Algo satisfecho
Bucaramanga,2010,Algo seguro,Muy insatisfecho
Bucaramanga,2010,Seguro,Muy satisfecho
Bucaramanga,2010,Seguro,Ni satisfecho ni insatisfecho
Bucaramanga,2010,Algo seguro,Muy insatisfecho
Bucaramanga,2010,Algo seguro,Ni satisfecho ni insatisfecho
Bucaramanga,2010,Algo seguro,Ni satisfecho ni insatisfecho
Bucaramanga,2010,Algo seguro,Muy insatisfecho
Bucaramanga,2010,Seguro,Muy insatisfecho
Bucaramanga,2010,Seguro,Muy insatisfecho
Bucaramanga,2010,Poco seguro,Muy insatisfecho
Bucaramanga,2010,Algo seguro,Algo satisfecho
Bucaramanga,2010,Seguro,Algo insatisfecho
Bucaramanga,2010,Muy seguro,Ni satisfecho ni insatisfecho
Bucaramanga,2010,Poco seguro,Muy insatisfecho
Bucaramanga,2010,Algo seguro,Algo satisfecho
Bucaramanga,2010,Seguro,Muy insatisfecho
Bucaramanga,2010,Algo seguro,Ni satisfecho ni insatisfecho
Bucaramanga,2010,Nada seguro,Muy satisfecho
Bucaramanga,2010,Muy seguro,Ni satisfecho ni insatisfecho
Bucaramanga,2010,Muy seguro,Algo insatisfecho
Bucaramanga,2010,Algo seguro,Algo insatisfecho
Bucaramanga,2010,Nada seguro,Ni satisfecho ni insatisfecho
Bucaramanga,2010,Algo seguro,Ni satisfecho ni insatisfecho
Bucaramanga,2010,Muy seguro,Ni satisfecho ni insatisfecho
Bucaramanga,2010,Algo seguro,Algo insatisfecho
Bucaramanga,2010,Poco seguro,Ni satisfecho ni insatisfecho
Bucaramanga,2010,Algo seguro,Ni satisfecho ni insatisfecho
Bucaramanga,2010,Algo seguro,Algo satisfecho
Bucaramanga,2010,Algo seguro,Ni satisfecho ni insatisfecho
Bucaramanga,2010,Algo seguro,Algo satisfecho
Bucaramanga,2010,Algo seguro,Ni satisfecho ni insatisfecho
Bucaramanga,2010,Algo seguro,Ni satisfecho ni insatisfecho
Bucaramanga,2010,Poco seguro,Ni satisfecho ni insatisfecho
Bucaramanga,2010,Algo seguro,Ni satisfecho ni insatisfecho
Bucaramanga,2010,Poco seguro,Ni satisfecho ni insatisfecho
Bucaramanga,2010,Poco seguro,Ni satisfecho ni insatisfecho
Bucaramanga,2010,Muy seguro,Ni satisfecho ni insatisfecho
Bucaramanga,2010,Nada seguro,Algo insatisfecho
Bucaramanga,2010,Algo seguro,Algo insatisfecho
Bucaramanga,2010,Algo seguro,Ni satisfecho ni insatisfecho
Bucaramanga,2010,Poco seguro,Algo insatisfecho
Bucaramanga,2010,Algo seguro,Algo insatisfecho
Bucaramanga,2010,Algo seguro,Ni satisfecho ni insatisfecho
Bucaramanga,2010,Algo seguro,Algo satisfecho
Bucaramanga,2010,Algo seguro,Algo insatisfecho
Bucaramanga,2010,Algo seguro,Ni satisfecho ni insatisfecho
Bucaramanga,2010,Algo seguro,Ni satisfecho ni insatisfecho
Bucaramanga,2010,Seguro,Ni satisfecho ni insatisfecho
Bucaramanga,2010,Algo seguro,Muy satisfecho
Bucaramanga,2010,Poco seguro,Muy satisfecho
Bucaramanga,2010,Algo seguro,Algo insatisfecho
Bucaramanga,2010,Seguro,Algo insatisfecho
Bucaramanga,2010,Algo seguro,Ni satisfecho ni insatisfecho
Bucaramanga,2010,Seguro,Ni satisfecho ni insatisfecho
Bucaramanga,2010,Poco seguro,Ni satisfecho ni insatisfecho
Bucaramanga,2010,Seguro,Algo satisfecho
Bucaramanga,2010,Algo seguro,Ni satisfecho ni insatisfecho
Bucaramanga,2010,Poco seguro,Algo insatisfecho
Bucaramanga,2010,Seguro,Algo insatisfecho
Bucaramanga,2010,Seguro,Ni satisfecho ni insatisfecho
Bucaramanga,2010,Seguro,Ni satisfecho ni insatisfecho
Bucaramanga,2010,Algo seguro,Ni satisfecho ni insatisfecho
Bucaramanga,2010,Algo seguro,Algo satisfecho
Bucaramanga,2010,Seguro,Muy satisfecho
Bucaramanga,2010,Algo seguro,Algo satisfecho
Bucaramanga,2010,Muy seguro,Algo satisfecho
Bucaramanga,2010,Seguro,Ni satisfecho ni insatisfecho
Bucaramanga,2010,Poco seguro,Muy satisfecho
Bucaramanga,2010,Algo seguro,Algo satisfecho
Bucaramanga,2010,Seguro,Algo satisfecho
Bucaramanga,2010,Seguro,Muy insatisfecho
Bucaramanga,2010,Algo seguro,Algo insatisfecho
Bucaramanga,2010,Muy seguro,Muy insatisfecho
Bucaramanga,2010,Seguro,Algo insatisfecho
Bucaramanga,2010,Seguro,Algo insatisfecho
Bucaramanga,2010,Seguro,Ni satisfecho ni insatisfecho
Bucaramanga,2010,Algo seguro,Algo insatisfecho
Bucaramanga,2010,Seguro,Ni satisfecho ni insatisfecho
Bucaramanga,2010,Seguro,Muy insatisfecho
Bucaramanga,2010,Seguro,Ni satisfecho ni insatisfecho
Bucaramanga,2010,Algo seguro,Ni satisfecho ni insatisfecho
Bucaramanga,2010,Poco seguro,Algo satisfecho
Bucaramanga,2010,Seguro,Ni satisfecho ni insatisfecho
Bucaramanga,2010,Seguro,Algo satisfecho
Bucaramanga,2010,Seguro,Ni satisfecho ni insatisfecho
Bucaramanga,2010,Algo seguro,Ni satisfecho ni insatisfecho
Bucaramanga,2010,Poco seguro,Ni satisfecho ni insatisfecho
Bucaramanga,2010,Algo seguro,Ni satisfecho ni insatisfecho
Bucaramanga,2010,Algo seguro,Ni satisfecho ni insatisfecho
Bucaramanga,2010,Muy seguro,Ni satisfecho ni insatisfecho
Bucaramanga,2010,Muy seguro,Muy satisfecho
Bucaramanga,2010,Seguro,Ni satisfecho ni insatisfecho
Bucaramanga,2010,Muy seguro,Ni satisfecho ni insatisfecho
Bucaramanga,2010,Seguro,Ni satisfecho ni insatisfecho
Bucaramanga,2010,Muy seguro,Ni satisfecho ni insatisfecho
Bucaramanga,2010,Seguro,Algo satisfecho
Bucaramanga,2010,Muy seguro,Ni satisfecho ni insatisfecho
Bucaramanga,2010,Muy seguro,Muy satisfecho
Bucaramanga,2010,Algo seguro,Algo satisfecho
Bucaramanga,2010,Seguro,Algo satisfecho
Bucaramanga,2010,Algo seguro,Algo insatisfecho
Bucaramanga,2010,Algo seguro,Algo satisfecho
Bucaramanga,2010,Seguro,Ni satisfecho ni insatisfecho
Bucaramanga,2010,Seguro,Ni satisfecho ni insatisfecho
Bucaramanga,2010,Muy seguro,Muy satisfecho
Bucaramanga,2010,Muy seguro,Ni satisfecho ni insatisfecho
Bucaramanga,2010,Algo seguro,Ni satisfecho ni insatisfecho
Bucaramanga,2010,Poco seguro,Ni satisfecho ni insatisfecho
Bucaramanga,2010,Seguro,Ni satisfecho ni insatisfecho
Bucaramanga,2010,Algo seguro,Ni satisfecho ni insatisfecho
Bucaramanga,2010,Algo seguro,Algo insatisfecho
Bucaramanga,2010,Algo seguro,Ni satisfecho ni insatisfecho
Bucaramanga,2010,Seguro,Ni satisfecho ni insatisfecho
Bucaramanga,2010,Muy seguro,Muy insatisfecho
Bucaramanga,2010,Muy seguro,Ni satisfecho ni insatisfecho
Bucaramanga,2010,Algo seguro,Muy insatisfecho
Bucaramanga,2010,Seguro,Ni satisfecho ni insatisfecho
Bucaramanga,2010,Algo seguro,Ni satisfecho ni insatisfecho
Bucaramanga,2010,Algo seguro,Ni satisfecho ni insatisfecho
Bucaramanga,2010,Seguro,Ni satisfecho ni insatisfecho
Bucaramanga,2010,Seguro,Ni satisfecho ni insatisfecho
Bucaramanga,2010,Seguro,Ni satisfecho ni insatisfecho
Bucaramanga,2010,Seguro,Muy insatisfecho
Bucaramanga,2010,Algo seguro,Algo insatisfecho
Bucaramanga,2010,Seguro,Ni satisfecho ni insatisfecho
Bucaramanga,2010,Seguro,Ni satisfecho ni insatisfecho
Bucaramanga,2010,Algo seguro,Ni satisfecho ni insatisfecho
Bucaramanga,2010,Algo seguro,Algo insatisfecho
Bucaramanga,2010,Muy seguro,Ni satisfecho ni insatisfecho
Bucaramanga,2010,Nada seguro,Ni satisfecho ni insatisfecho
Bucaramanga,2010,Muy seguro,Algo satisfecho
Bucaramanga,2010,Seguro,Ni satisfecho ni insatisfecho
Bucaramanga,2010,Algo seguro,Algo insatisfecho
Bucaramanga,2010,Seguro,Algo insatisfecho
Bucaramanga,2010,Seguro,Muy insatisfecho
Bucaramanga,2010,Seguro,Algo satisfecho
Bucaramanga,2010,Algo seguro,Algo satisfecho
Bucaramanga,2010,Muy seguro,Ni satisfecho ni insatisfecho
Bucaramanga,2010,Algo seguro,Algo insatisfecho
Bucaramanga,2010,Algo seguro,Ni satisfecho ni insatisfecho
Bucaramanga,2010,Seguro,Algo satisfecho
Bucaramanga,2010,Poco seguro,Muy insatisfecho
Bucaramanga,2010,Algo seguro,Algo satisfecho
Bucaramanga,2010,Algo seguro,Ni satisfecho ni insatisfecho
Bucaramanga,2010,Nada seguro,Ni satisfecho ni insatisfecho
Bucaramanga,2010,Algo seguro,Ni satisfecho ni insatisfecho
Bucaramanga,2010,Algo seguro,Ni satisfecho ni insatisfecho
Bucaramanga,2010,Algo seguro,Ni satisfecho ni insatisfecho
Bucaramanga,2010,Poco seguro,Ni satisfecho ni insatisfecho
Bucaramanga,2010,Algo seguro,Ni satisfecho ni insatisfecho
Bucaramanga,2010,Algo seguro,Muy satisfecho
Bucaramanga,2010,Algo seguro,Muy satisfecho
Bucaramanga,2010,Algo seguro,Algo insatisfecho
Bucaramanga,2010,Nada seguro,Ni satisfecho ni insatisfecho
Bucaramanga,2010,Algo seguro,Algo insatisfecho
Bucaramanga,2010,Algo seguro,Muy insatisfecho
Bucaramanga,2010,Algo seguro,Ni satisfecho ni insatisfecho
Bucaramanga,2010,Seguro,Algo insatisfecho
Bucaramanga,2010,Seguro,Ni satisfecho ni insatisfecho
Bucaramanga,2010,Seguro,Ni satisfecho ni insatisfecho
Bucaramanga,2010,Algo seguro,Algo satisfecho
Bucaramanga,2010,Nada seguro,Ni satisfecho ni insatisfecho
Bucaramanga,2010,Poco seguro,Algo insatisfecho
Bucaramanga,2010,Nada seguro,Ni satisfecho ni insatisfecho
Bucaramanga,2010,Seguro,Algo satisfecho
Bucaramanga,2010,Poco seguro,Algo satisfecho
Bucaramanga,2010,Algo seguro,Algo insatisfecho
Bucaramanga,2010,Seguro,Ni satisfecho ni insatisfecho
Bucaramanga,2010,Algo seguro,Muy insatisfecho
Bucaramanga,2010,Seguro,Ni satisfecho ni insatisfecho
Bucaramanga,2010,Seguro,Algo satisfecho
Bucaramanga,2010,Algo seguro,Algo insatisfecho
Bucaramanga,2010,Algo seguro,Algo insatisfecho
Bucaramanga,2010,Muy seguro,Ni satisfecho ni insatisfecho
Bucaramanga,2010,Muy seguro,Ni satisfecho ni insatisfecho
Bucaramanga,2010,Poco seguro,Muy insatisfecho
Bucaramanga,2010,Seguro,Muy insatisfecho
Bucaramanga,2010,Algo seguro,Muy insatisfecho
Bucaramanga,2010,Algo seguro,Algo satisfecho
Bucaramanga,2010,Seguro,Ni satisfecho ni insatisfecho
Bucaramanga,2010,Algo seguro,Algo insatisfecho
Bucaramanga,2010,Algo seguro,Ni satisfecho ni insatisfecho
Bucaramanga,2010,Seguro,Muy insatisfecho
Bucaramanga,2010,Seguro,Ni satisfecho ni insatisfecho
Bucaramanga,2010,Algo seguro,Algo insatisfecho
Bucaramanga,2010,Poco seguro,Algo satisfecho
Bucaramanga,2010,Seguro,Ni satisfecho ni insatisfecho
Bucaramanga,2010,Algo seguro,Algo insatisfecho
Bucaramanga,2010,Poco seguro,Ni satisfecho ni insatisfecho
Bucaramanga,2010,Algo seguro,Ni satisfecho ni insatisfecho
Bucaramanga,2010,Seguro,Ni satisfecho ni insatisfecho
Bucaramanga,2010,Algo seguro,Ni satisfecho ni insatisfecho
Bucaramanga,2010,Seguro,Ni satisfecho ni insatisfecho
Bucaramanga,2010,Seguro,Ni satisfecho ni insatisfecho
Bucaramanga,2010,Algo seguro,Algo satisfecho
Bucaramanga,2010,Seguro,Ni satisfecho ni insatisfecho
Bucaramanga,2010,Seguro,Algo satisfecho
Bucaramanga,2010,Seguro,Ni satisfecho ni insatisfecho
Bucaramanga,2010,Seguro,Ni satisfecho ni insatisfecho
Bucaramanga,2010,Algo seguro,Ni satisfecho ni insatisfecho
Bucaramanga,2010,Muy seguro,Algo insatisfecho
Bucaramanga,2010,Muy seguro,Ni satisfecho ni insatisfecho
Bucaramanga,2010,Muy seguro,Muy satisfecho
Bucaramanga,2010,Algo seguro,Algo insatisfecho
Bucaramanga,2010,Seguro,Ni satisfecho ni insatisfecho
Bucaramanga,2010,Seguro,Ni satisfecho ni insatisfecho
Bucaramanga,2010,Seguro,Ni satisfecho ni insatisfecho
Bucaramanga,2010,Algo seguro,Algo insatisfecho
Bucaramanga,2010,Seguro,Algo satisfecho
Bucaramanga,2010,Algo seguro,Algo insatisfecho
Bucaramanga,2010,Seguro,Algo insatisfecho
Bucaramanga,2010,Seguro,Ni satisfecho ni insatisfecho
Bucaramanga,2010,Poco seguro,Muy insatisfecho
Bucaramanga,2010,Seguro,Ni satisfecho ni insatisfecho
Bucaramanga,2010,Seguro,Algo satisfecho
Bucaramanga,2010,Seguro,Algo satisfecho
Bucaramanga,2010,Seguro,Algo satisfecho
Bucaramanga,2010,Poco seguro,Ni satisfecho ni insatisfecho
Bucaramanga,2010,Poco seguro,Ni satisfecho ni insatisfecho
Bucaramanga,2010,Nada seguro,Algo satisfecho
Bucaramanga,2010,Poco seguro,Muy insatisfecho
Bucaramanga,2010,Seguro,Ni satisfecho ni insatisfecho
Bucaramanga,2010,Algo seguro,Ni satisfecho ni insatisfecho
Bucaramanga,2010,Algo seguro,Muy insatisfecho
Bucaramanga,2010,Algo seguro,Ni satisfecho ni insatisfecho
Bucaramanga,2010,Seguro,Ni satisfecho ni insatisfecho
Bucaramanga,2010,Muy seguro,Ni satisfecho ni insatisfecho
Bucaramanga,2010,Seguro,Algo satisfecho
Bucaramanga,2010,Seguro,Ni satisfecho ni insatisfecho
Bucaramanga,2010,Algo seguro,Algo satisfecho
Bucaramanga,2010,Seguro,Algo satisfecho
Bucaramanga,2010,Algo seguro,Ni satisfecho ni insatisfecho
Bucaramanga,2010,Seguro,Ni satisfecho ni insatisfecho
Bucaramanga,2010,Muy seguro,Ni satisfecho ni insatisfecho
Bucaramanga,2010,Seguro,Algo satisfecho
Bucaramanga,2010,Algo seguro,Algo insatisfecho
Bucaramanga,2010,Seguro,Ni satisfecho ni insatisfecho
Bucaramanga,2010,Algo seguro,Algo insatisfecho
Bucaramanga,2010,Algo seguro,Ni satisfecho ni insatisfecho
Bucaramanga,2010,Seguro,Algo insatisfecho
Bucaramanga,2010,Algo seguro,Ni satisfecho ni insatisfecho
Bucaramanga,2010,Muy seguro,Algo insatisfecho
Bucaramanga,2010,Algo seguro,Ni satisfecho ni insatisfecho
Bucaramanga,2010,Algo seguro,Algo insatisfecho
Bucaramanga,2010,Muy seguro,Ni satisfecho ni insatisfecho
Bucaramanga,2010,Seguro,Algo insatisfecho
Bucaramanga,2010,Algo seguro,Algo insatisfecho
Bucaramanga,2010,Poco seguro,Muy insatisfecho
Bucaramanga,2010,Algo seguro,Ni satisfecho ni insatisfecho
Bucaramanga,2010,Seguro,Ni satisfecho ni insatisfecho
Bucaramanga,2010,Seguro,Ni satisfecho ni insatisfecho
Bucaramanga,2010,Seguro,Ni satisfecho ni insatisfecho
Bucaramanga,2010,Seguro,Ni satisfecho ni insatisfecho
Bucaramanga,2010,Seguro,Ni satisfecho ni insatisfecho
Bucaramanga,2010,Seguro,Ni satisfecho ni insatisfecho
Bucaramanga,2010,Seguro,Ni satisfecho ni insatisfecho
Bucaramanga,2010,Muy seguro,Algo satisfecho
Bucaramanga,2010,Algo seguro,Ni satisfecho ni insatisfecho
Bucaramanga,2010,Seguro,Ni satisfecho ni insatisfecho
Bucaramanga,2010,Seguro,Ni satisfecho ni insatisfecho
Bucaramanga,2010,Seguro,Ni satisfecho ni insatisfecho
Bucaramanga,2010,Algo seguro,Muy insatisfecho
Bucaramanga,2010,Seguro,Algo insatisfecho
Bucaramanga,2010,Algo seguro,Ni satisfecho ni insatisfecho
Bucaramanga,2010,Seguro,Ni satisfecho ni insatisfecho
Bucaramanga,2010,Algo seguro,Muy insatisfecho
Bucaramanga,2010,Seguro,Algo insatisfecho
Bucaramanga,2010,Algo seguro,Algo insatisfecho
Bucaramanga,2010,Algo seguro,Muy insatisfecho
Bucaramanga,2010,Seguro,Algo insatisfecho
Bucaramanga,2010,Seguro,Muy insatisfecho
Bucaramanga,2010,Seguro,Ni satisfecho ni insatisfecho
Bucaramanga,2010,Algo seguro,Muy insatisfecho
Bucaramanga,2010,Poco seguro,Ni satisfecho ni insatisfecho
Bucaramanga,2010,Algo seguro,Algo satisfecho
Bucaramanga,2010,Seguro,Ni satisfecho ni insatisfecho
Bucaramanga,2010,Muy seguro,Ni satisfecho ni insatisfecho
Bucaramanga,2010,Seguro,Ni satisfecho ni insatisfecho
Bucaramanga,2010,Seguro,Ni satisfecho ni insatisfecho
Bucaramanga,2010,Seguro,Ni satisfecho ni insatisfecho
Bucaramanga,2010,Seguro,Ni satisfecho ni insatisfecho
Bucaramanga,2010,Seguro,Algo insatisfecho
Bucaramanga,2010,Algo seguro,Ni satisfecho ni insatisfecho
Bucaramanga,2010,Seguro,Ni satisfecho ni insatisfecho
Bucaramanga,2010,Algo seguro,Ni satisfecho ni insatisfecho
Bucaramanga,2010,Algo seguro,Ni satisfecho ni insatisfecho
Bucaramanga,2010,Seguro,Algo insatisfecho
Bucaramanga,2010,Seguro,Algo insatisfecho
Bucaramanga,2010,Seguro,Algo insatisfecho
Bucaramanga,2010,Seguro,Algo satisfecho
Bucaramanga,2010,Algo seguro,Algo satisfecho
Bucaramanga,2010,Algo seguro,Algo insatisfecho
Bucaramanga,2010,Algo seguro,Ni satisfecho ni insatisfecho
Bucaramanga,2010,Algo seguro,Muy insatisfecho
Bucaramanga,2010,Algo seguro,Ni satisfecho ni insatisfecho
Bucaramanga,2010,Poco seguro,Ni satisfecho ni insatisfecho
Bucaramanga,2010,Algo seguro,Algo insatisfecho
Bucaramanga,2010,Poco seguro,Ni satisfecho ni insatisfecho
Bucaramanga,2010,Seguro,Algo satisfecho
Bucaramanga,2010,Algo seguro,Algo satisfecho
Bucaramanga,2010,Seguro,Ni satisfecho ni insatisfecho
Bucaramanga,2010,Seguro,Algo insatisfecho
Bucaramanga,2010,Algo seguro,Algo satisfecho
Bucaramanga,2010,Muy seguro,Ni satisfecho ni insatisfecho
Bucaramanga,2010,Poco seguro,Ni satisfecho ni insatisfecho
Bucaramanga,2010,Seguro,Ni satisfecho ni insatisfecho
Bucaramanga,2010,Muy seguro,Ni satisfecho ni insatisfecho
Bucaramanga,2010,Muy seguro,Muy satisfecho
Bucaramanga,2010,Muy seguro,Algo insatisfecho
Bucaramanga,2010,Seguro,Algo satisfecho
Bucaramanga,2010,Seguro,Ni satisfecho ni insatisfecho
Bucaramanga,2010,Seguro,Ni satisfecho ni insatisfecho
Bucaramanga,2010,Seguro,Ni satisfecho ni insatisfecho
Bucaramanga,2010,Seguro,Algo insatisfecho
Bucaramanga,2010,Seguro,Muy insatisfecho
Bucaramanga,2010,Seguro,Ni satisfecho ni insatisfecho
Bucaramanga,2010,Seguro,Ni satisfecho ni insatisfecho
Bucaramanga,2010,Muy seguro,Algo satisfecho
Bucaramanga,2010,Seguro,Algo satisfecho
Bucaramanga,2010,Poco seguro,Algo insatisfecho
Bucaramanga,2010,Seguro,Ni satisfecho ni insatisfecho
Bucaramanga,2010,Seguro,Ni satisfecho ni insatisfecho
Bucaramanga,2010,Seguro,Ni satisfecho ni insatisfecho
Bucaramanga,2010,Algo seguro,Ni satisfecho ni insatisfecho
Bucaramanga,2010,Seguro,Algo satisfecho
Bucaramanga,2010,Seguro,Ni satisfecho ni insatisfecho
Bucaramanga,2010,Algo seguro,Algo insatisfecho
Bucaramanga,2010,Muy seguro,Ni satisfecho ni insatisfecho
Bucaramanga,2010,Algo seguro,Ni satisfecho ni insatisfecho
Bucaramanga,2010,Seguro,Algo satisfecho
Bucaramanga,2010,Seguro,Ni satisfecho ni insatisfecho
Bucaramanga,2010,Seguro,Ni satisfecho ni insatisfecho
Bucaramanga,2010,Muy seguro,Algo satisfecho
Bucaramanga,2010,Muy seguro,Algo insatisfecho
Bucaramanga,2010,Muy seguro,Ni satisfecho ni insatisfecho
Bucaramanga,2010,Muy seguro,Algo insatisfecho
Bucaramanga,2010,Muy seguro,Ni satisfecho ni insatisfecho
Bucaramanga,2010,Seguro,Ni satisfecho ni insatisfecho
Bucaramanga,2010,Seguro,Algo satisfecho
Bucaramanga,2010,Muy seguro,Ni satisfecho ni insatisfecho
Bucaramanga,2010,Algo seguro,Algo insatisfecho
Bucaramanga,2010,Seguro,Ni satisfecho ni insatisfecho
Bucaramanga,2010,Seguro,Algo satisfecho
Bucaramanga,2010,Poco seguro,Ni satisfecho ni insatisfecho
Bucaramanga,2010,Algo seguro,Algo satisfecho
Bucaramanga,2010,Algo seguro,Muy satisfecho
Bucaramanga,2010,Muy seguro,Ni satisfecho ni insatisfecho
Bucaramanga,2010,Seguro,Algo satisfecho
Bucaramanga,2010,Poco seguro,Ni satisfecho ni insatisfecho
Bucaramanga,2010,Muy seguro,Algo satisfecho
Bucaramanga,2010,Seguro,Ni satisfecho ni insatisfecho
Bucaramanga,2010,Seguro,Algo insatisfecho
Bucaramanga,2010,Seguro,Algo insatisfecho
Bucaramanga,2010,Algo seguro,Muy satisfecho
Bucaramanga,2010,Seguro,Muy satisfecho
Bucaramanga,2010,Algo seguro,Ni satisfecho ni insatisfecho
Bucaramanga,2010,Algo seguro,Algo insatisfecho
Bucaramanga,2010,Seguro,Muy satisfecho
Bucaramanga,2010,Muy seguro,Ni satisfecho ni insatisfecho
Bucaramanga,2010,Seguro,Algo satisfecho
Bucaramanga,2010,Algo seguro,Muy insatisfecho
Bucaramanga,2010,Seguro,Algo insatisfecho
Bucaramanga,2010,Seguro,Algo satisfecho
Bucaramanga,2010,Algo seguro,Algo insatisfecho
Bucaramanga,2010,Nada seguro,Ni satisfecho ni insatisfecho
Bucaramanga,2010,Seguro,Ni satisfecho ni insatisfecho
Bucaramanga,2010,Algo seguro,Ni satisfecho ni insatisfecho
Bucaramanga,2010,Seguro,Algo insatisfecho
Bucaramanga,2010,Seguro,Muy satisfecho
Bucaramanga,2010,Algo seguro,Ni satisfecho ni insatisfecho
Bucaramanga,2010,Muy seguro,Algo insatisfecho
Bucaramanga,2010,Muy seguro,Algo satisfecho
Bucaramanga,2010,Muy seguro,Ni satisfecho ni insatisfecho
Bucaramanga,2010,Muy seguro,Ni satisfecho ni insatisfecho
Bucaramanga,2010,Seguro,Algo insatisfecho
Bucaramanga,2010,Seguro,Algo satisfecho
Bucaramanga,2010,Algo seguro,Algo insatisfecho
Bucaramanga,2010,Algo seguro,Ni satisfecho ni insatisfecho
Bucaramanga,2010,Seguro,Ni satisfecho ni insatisfecho
Bucaramanga,2010,Poco seguro,Ni satisfecho ni insatisfecho
Bucaramanga,2010,Seguro,Ni satisfecho ni insatisfecho
Bucaramanga,2010,Seguro,Algo satisfecho
Bucaramanga,2010,Algo seguro,Ni satisfecho ni insatisfecho
Bucaramanga,2010,Algo seguro,Ni satisfecho ni insatisfecho
Bucaramanga,2010,Algo seguro,Ni satisfecho ni insatisfecho
Bucaramanga,2010,Seguro,Algo satisfecho
Bucaramanga,2010,Algo seguro,Algo satisfecho
Bucaramanga,2010,Seguro,Ni satisfecho ni insatisfecho
Bucaramanga,2010,Seguro,Ni satisfecho ni insatisfecho
Bucaramanga,2010,Muy seguro,Ni satisfecho ni insatisfecho
Bucaramanga,2010,Seguro,Ni satisfecho ni insatisfecho
Bucaramanga,2010,Muy seguro,Muy insatisfecho
Bucaramanga,2010,Algo seguro,Muy insatisfecho
Bucaramanga,2010,Seguro,Algo insatisfecho
Bucaramanga,2010,Seguro,Muy satisfecho
Bucaramanga,2010,Muy seguro,Ni satisfecho ni insatisfecho
Bucaramanga,2010,Muy seguro,Algo satisfecho
Bucaramanga,2010,Algo seguro,Ni satisfecho ni insatisfecho
Bucaramanga,2010,Poco seguro,Algo insatisfecho
Bucaramanga,2010,Algo seguro,Algo insatisfecho
Bucaramanga,2010,Seguro,Ni satisfecho ni insatisfecho
Bucaramanga,2010,Seguro,Ni satisfecho ni insatisfecho
Bucaramanga,2010,Algo seguro,Ni satisfecho ni insatisfecho
Bucaramanga,2010,Seguro,Ni satisfecho ni insatisfecho
Bucaramanga,2010,Algo seguro,Ni satisfecho ni insatisfecho
Bucaramanga,2010,Muy seguro,Ni satisfecho ni insatisfecho
Bucaramanga,2010,Seguro,Algo satisfecho
Bucaramanga,2010,Seguro,Ni satisfecho ni insatisfecho
Bucaramanga,2010,Seguro,Ni satisfecho ni insatisfecho
Bucaramanga,2010,Seguro,Ni satisfecho ni insatisfecho
Bucaramanga,2010,Nada seguro,Algo insatisfecho
Bucaramanga,2010,Algo seguro,Muy insatisfecho
Bucaramanga,2010,Muy seguro,Ni satisfecho ni insatisfecho
Bucaramanga,2010,Seguro,Ni satisfecho ni insatisfecho
Bucaramanga,2010,Muy seguro,Ni satisfecho ni insatisfecho
Bucaramanga,2010,Nada seguro,Algo satisfecho
Bucaramanga,2010,Poco seguro,Ni satisfecho ni insatisfecho
Bucaramanga,2010,Seguro,Ni satisfecho ni insatisfecho
Bucaramanga,2010,Poco seguro,Ni satisfecho ni insatisfecho
Bucaramanga,2010,Seguro,Ni satisfecho ni insatisfecho
Bucaramanga,2010,Algo seguro,Ni satisfecho ni insatisfecho
Bucaramanga,2010,Algo seguro,Ni satisfecho ni insatisfecho
Bucaramanga,2010,Seguro,Ni satisfecho ni insatisfecho
Bucaramanga,2010,Seguro,Algo satisfecho
Bucaramanga,2010,Seguro,Algo insatisfecho
Bucaramanga,2010,Seguro,Algo insatisfecho
Bucaramanga,2010,Seguro,Algo satisfecho
Bucaramanga,2010,Muy seguro,Muy satisfecho
Bucaramanga,2010,Seguro,Ni satisfecho ni insatisfecho
Bucaramanga,2010,Algo seguro,Ni satisfecho ni insatisfecho
Bucaramanga,2010,Seguro,Algo insatisfecho
Bucaramanga,2010,Muy seguro,Algo satisfecho
Bucaramanga,2010,Seguro,Ni satisfecho ni insatisfecho
Bucaramanga,2010,Muy seguro,Ni satisfecho ni insatisfecho
Bucaramanga,2010,Seguro,Ni satisfecho ni insatisfecho
Bucaramanga,2010,Seguro,Ni satisfecho ni insatisfecho
Bucaramanga,2010,Muy seguro,Ni satisfecho ni insatisfecho
Bucaramanga,2010,Algo seguro,Algo satisfecho
Bucaramanga,2010,Muy seguro,Algo satisfecho
Bucaramanga,2010,Seguro,Muy satisfecho
Bucaramanga,2010,Algo seguro,Ni satisfecho ni insatisfecho
Bucaramanga,2010,Seguro,Algo satisfecho
Bucaramanga,2010,Seguro,Algo insatisfecho
Bucaramanga,2010,Muy seguro,Muy satisfecho
Bucaramanga,2010,Algo seguro,Ni satisfecho ni insatisfecho
Bucaramanga,2010,Nada seguro,Algo satisfecho
Bucaramanga,2010,Algo seguro,Ni satisfecho ni insatisfecho
Bucaramanga,2010,Algo seguro,Ni satisfecho ni insatisfecho
Bucaramanga,2010,Algo seguro,Ni satisfecho ni insatisfecho
Bucaramanga,2010,Seguro,Ni satisfecho ni insatisfecho
Bucaramanga,2010,Seguro,Ni satisfecho ni insatisfecho
Bucaramanga,2010,Algo seguro,Ni satisfecho ni insatisfecho
Bucaramanga,2010,Seguro,Ni satisfecho ni insatisfecho
Bucaramanga,2010,Poco seguro,Ni satisfecho ni insatisfecho
Bucaramanga,2010,Poco seguro,Ni satisfecho ni insatisfecho
Bucaramanga,2010,Seguro,Muy satisfecho
Bucaramanga,2010,Nada seguro,Algo satisfecho
Bucaramanga,2010,Algo seguro,Ni satisfecho ni insatisfecho
Bucaramanga,2010,Algo seguro,Ni satisfecho ni insatisfecho
Bucaramanga,2010,Muy seguro,Ni satisfecho ni insatisfecho
Bucaramanga,2010,Algo seguro,Muy insatisfecho
Bucaramanga,2010,Algo seguro,Ni satisfecho ni insatisfecho
Bucaramanga,2010,Algo seguro,Ni satisfecho ni insatisfecho
Bucaramanga,2010,Algo seguro,Algo satisfecho
Bucaramanga,2010,Poco seguro,Algo insatisfecho
Bucaramanga,2010,Poco seguro,Algo insatisfecho
Bucaramanga,2010,Poco seguro,Muy insatisfecho
Bucaramanga,2010,Muy seguro,Algo satisfecho
Bucaramanga,2010,Seguro,Algo satisfecho
Bucaramanga,2010,Algo seguro,Ni satisfecho ni insatisfecho
Bucaramanga,2010,Algo seguro,Ni satisfecho ni insatisfecho
Bucaramanga,2010,Algo seguro,Ni satisfecho ni insatisfecho
Bucaramanga,2010,Algo seguro,Ni satisfecho ni insatisfecho
Bucaramanga,2010,Seguro,Ni satisfecho ni insatisfecho
Bucaramanga,2010,Seguro,Ni satisfecho ni insatisfecho
Bucaramanga,2010,Seguro,Ni satisfecho ni insatisfecho
Bucaramanga,2010,Algo seguro,Algo satisfecho
Bucaramanga,2010,Muy seguro,Algo satisfecho
Bucaramanga,2010,Poco seguro,Algo satisfecho
Bucaramanga,2010,Seguro,Ni satisfecho ni insatisfecho
Bucaramanga,2010,Seguro,Ni satisfecho ni insatisfecho
Bucaramanga,2010,Seguro,Ni satisfecho ni insatisfecho
Bucaramanga,2010,Seguro,Ni satisfecho ni insatisfecho
Bucaramanga,2010,Seguro,Ni satisfecho ni insatisfecho
Bucaramanga,2010,Seguro,Ni satisfecho ni insatisfecho
Bucaramanga,2010,Seguro,Ni satisfecho ni insatisfecho
Bucaramanga,2010,Muy seguro,Ni satisfecho ni insatisfecho
Bucaramanga,2010,Algo seguro,Ni satisfecho ni insatisfecho
Bucaramanga,2010,Seguro,Ni satisfecho ni insatisfecho
Bucaramanga,2010,Seguro,Ni satisfecho ni insatisfecho
Bucaramanga,2010,Seguro,Ni satisfecho ni insatisfecho
Bucaramanga,2010,Algo seguro,Algo satisfecho
Bucaramanga,2010,Algo seguro,Algo satisfecho
Bucaramanga,2010,Muy seguro,Algo insatisfecho
Bucaramanga,2010,Muy seguro,Muy satisfecho
Bucaramanga,2010,Poco seguro,Muy satisfecho
Bucaramanga,2010,Muy seguro,Ni satisfecho ni insatisfecho
Bucaramanga,2010,Seguro,Algo satisfecho
Bucaramanga,2010,Muy seguro,Ni satisfecho ni insatisfecho
Bucaramanga,2010,Muy seguro,Ni satisfecho ni insatisfecho
Bucaramanga,2010,Algo seguro,Algo satisfecho
Bucaramanga,2010,Muy seguro,Algo insatisfecho
Bucaramanga,2010,Algo seguro,Ni satisfecho ni insatisfecho
Bucaramanga,2010,Seguro,Ni satisfecho ni insatisfecho
Bucaramanga,2010,Seguro,Algo satisfecho
Bucaramanga,2010,Algo seguro,Ni satisfecho ni insatisfecho
Bucaramanga,2010,Poco seguro,Algo satisfecho
Bucaramanga,2010,Algo seguro,Ni satisfecho ni insatisfecho
Bucaramanga,2010,Poco seguro,Algo satisfecho
Bucaramanga,2010,Seguro,Ni satisfecho ni insatisfecho
Bucaramanga,2010,Seguro,Algo insatisfecho
Bucaramanga,2010,Seguro,Algo insatisfecho
Bucaramanga,2010,Seguro,Algo insatisfecho
Bucaramanga,2010,Algo seguro,Algo insatisfecho
Bucaramanga,2010,Seguro,Ni satisfecho ni insatisfecho
Bucaramanga,2010,Algo seguro,Algo insatisfecho
Bucaramanga,2010,Algo seguro,Muy insatisfecho
Bucaramanga,2010,Algo seguro,Ni satisfecho ni insatisfecho
Bucaramanga,2010,Seguro,Muy insatisfecho
Bucaramanga,2010,Algo seguro,Ni satisfecho ni insatisfecho
Bucaramanga,2010,Muy seguro,Ni satisfecho ni insatisfecho
Bucaramanga,2010,Seguro,Algo satisfecho
Bucaramanga,2010,Seguro,Algo satisfecho
Bucaramanga,2010,Algo seguro,Algo insatisfecho
Bucaramanga,2010,Seguro,Ni satisfecho ni insatisfecho
Bucaramanga,2010,Seguro,Algo insatisfecho
Bucaramanga,2010,Seguro,Algo insatisfecho
Bucaramanga,2010,Algo seguro,Algo satisfecho
Bucaramanga,2010,Nada seguro,Algo insatisfecho
Bucaramanga,2010,Algo seguro,Ni satisfecho ni insatisfecho
Bucaramanga,2010,Seguro,Ni satisfecho ni insatisfecho
Bucaramanga,2010,Muy seguro,Ni satisfecho ni insatisfecho
Bucaramanga,2010,Seguro,Ni satisfecho ni insatisfecho
Bucaramanga,2010,Muy seguro,Ni satisfecho ni insatisfecho
Bucaramanga,2010,Seguro,Ni satisfecho ni insatisfecho
Bucaramanga,2010,Seguro,Ni satisfecho ni insatisfecho
Bucaramanga,2010,Algo seguro,Muy insatisfecho
Bucaramanga,2010,Seguro,Algo insatisfecho
Bucaramanga,2010,Muy seguro,Algo insatisfecho
Bucaramanga,2010,Seguro,Ni satisfecho ni insatisfecho
Bucaramanga,2010,Poco seguro,Algo insatisfecho
Bucaramanga,2010,Seguro,Ni satisfecho ni insatisfecho
Bucaramanga,2010,Poco seguro,Ni satisfecho ni insatisfecho
Bucaramanga,2010,Seguro,Algo insatisfecho
Bucaramanga,2010,Algo seguro,Algo satisfecho
Bucaramanga,2010,Seguro,Algo insatisfecho
Bucaramanga,2010,Algo seguro,Ni satisfecho ni insatisfecho
Bucaramanga,2010,Seguro,Muy satisfecho
Bucaramanga,2010,Algo seguro,Algo satisfecho
Bucaramanga,2010,Algo seguro,Ni satisfecho ni insatisfecho
Bucaramanga,2010,Seguro,Muy insatisfecho
Bucaramanga,2010,Seguro,Muy insatisfecho
Bucaramanga,2010,Algo seguro,Algo insatisfecho
Bucaramanga,2010,Algo seguro,Muy insatisfecho
Bucaramanga,2010,Seguro,Algo insatisfecho
Bucaramanga,2010,Algo seguro,Algo insatisfecho
Bucaramanga,2010,Algo seguro,Ni satisfecho ni insatisfecho
Bucaramanga,2010,Seguro,Ni satisfecho ni insatisfecho
Bucaramanga,2010,Seguro,Algo insatisfecho
Bucaramanga,2010,Algo seguro,Algo insatisfecho
Bucaramanga,2010,Algo seguro,Ni satisfecho ni insatisfecho
Bucaramanga,2010,Seguro,Algo satisfecho
Bucaramanga,2010,Algo seguro,Algo satisfecho
Bucaramanga,2010,Muy seguro,Ni satisfecho ni insatisfecho
Bucaramanga,2010,Poco seguro,Muy insatisfecho
Bucaramanga,2010,Poco seguro,Ni satisfecho ni insatisfecho
Bucaramanga,2010,Poco seguro,Ni satisfecho ni insatisfecho
Bucaramanga,2010,Algo seguro,Algo insatisfecho
Bucaramanga,2010,Algo seguro,Muy insatisfecho
Bucaramanga,2010,Algo seguro,Muy satisfecho
Bucaramanga,2010,Algo seguro,Ni satisfecho ni insatisfecho
Bucaramanga,2010,Muy seguro,Muy satisfecho
Bucaramanga,2010,Seguro,Algo satisfecho
Bucaramanga,2010,Algo seguro,Ni satisfecho ni insatisfecho
Bucaramanga,2010,Muy seguro,Ni satisfecho ni insatisfecho
Bucaramanga,2010,Seguro,Ni satisfecho ni insatisfecho
Bucaramanga,2010,Seguro,Ni satisfecho ni insatisfecho
Bucaramanga,2010,Algo seguro,Ni satisfecho ni insatisfecho
Bucaramanga,2010,Seguro,Algo satisfecho
Bucaramanga,2010,Algo seguro,Ni satisfecho ni insatisfecho
Bucaramanga,2010,Algo seguro,Ni satisfecho ni insatisfecho
Bucaramanga,2010,Algo seguro,Ni satisfecho ni insatisfecho
Bucaramanga,2010,Algo seguro,Ni satisfecho ni insatisfecho
Bucaramanga,2010,Algo seguro,Algo insatisfecho
Bucaramanga,2010,Algo seguro,Ni satisfecho ni insatisfecho
Bucaramanga,2010,Nada seguro,Ni satisfecho ni insatisfecho
Bucaramanga,2010,Algo seguro,Ni satisfecho ni insatisfecho
Bucaramanga,2010,Algo seguro,Algo satisfecho
Bucaramanga,2010,Algo seguro,Ni satisfecho ni insatisfecho
Bucaramanga,2010,Algo seguro,Algo satisfecho
Bucaramanga,2010,Seguro,Algo satisfecho
Bucaramanga,2010,Algo seguro,Algo satisfecho
Bucaramanga,2010,Nada seguro,Ni satisfecho ni insatisfecho
Bucaramanga,2010,Muy seguro,Ni satisfecho ni insatisfecho
Bucaramanga,2010,Seguro,Ni satisfecho ni insatisfecho
Bucaramanga,2010,Algo seguro,Ni satisfecho ni insatisfecho
Bucaramanga,2010,Algo seguro,Ni satisfecho ni insatisfecho
Bucaramanga,2010,Seguro,Ni satisfecho ni insatisfecho
Bucaramanga,2010,Muy seguro,Algo satisfecho
Bucaramanga,2010,Seguro,Ni satisfecho ni insatisfecho
Bucaramanga,2010,Seguro,Muy satisfecho
Bucaramanga,2010,Muy seguro,Algo satisfecho
Bucaramanga,2010,Seguro,Algo satisfecho
Bucaramanga,2010,Seguro,Ni satisfecho ni insatisfecho
Bucaramanga,2010,Poco seguro,Ni satisfecho ni insatisfecho
Bucaramanga,2010,Seguro,Algo satisfecho
Bucaramanga,2010,Muy seguro,Ni satisfecho ni insatisfecho
Bucaramanga,2010,Seguro,Ni satisfecho ni insatisfecho
Bucaramanga,2010,Seguro,Algo satisfecho
Bucaramanga,2010,Algo seguro,Ni satisfecho ni insatisfecho
Bucaramanga,2010,Algo seguro,Algo insatisfecho
Bucaramanga,2010,Seguro,Ni satisfecho ni insatisfecho
Bucaramanga,2010,Seguro,Ni satisfecho ni insatisfecho
Bucaramanga,2010,Algo seguro,Algo satisfecho
Bucaramanga,2010,Algo seguro,Ni satisfecho ni insatisfecho
Bucaramanga,2010,Seguro,Algo insatisfecho
Bucaramanga,2010,Algo seguro,Algo insatisfecho
Bucaramanga,2010,Poco seguro,Algo satisfecho
Bucaramanga,2010,Seguro,Algo insatisfecho
Bucaramanga,2010,Algo seguro,Algo insatisfecho
Bucaramanga,2010,Poco seguro,Algo insatisfecho
Bucaramanga,2010,Seguro,Ni satisfecho ni insatisfecho
Bucaramanga,2010,Muy seguro,Ni satisfecho ni insatisfecho
Bucaramanga,2010,Algo seguro,Ni satisfecho ni insatisfecho
Bucaramanga,2010,Algo seguro,Algo insatisfecho
Bucaramanga,2010,Algo seguro,Ni satisfecho ni insatisfecho
Bucaramanga,2010,Seguro,Algo insatisfecho
Bucaramanga,2010,Seguro,Algo satisfecho
Bucaramanga,2010,Algo seguro,Muy satisfecho
Bucaramanga,2010,Algo seguro,Algo satisfecho
Bucaramanga,2010,Algo seguro,Muy insatisfecho
Bucaramanga,2010,Muy seguro,Algo satisfecho
Bucaramanga,2010,Muy seguro,Algo satisfecho
Bucaramanga,2010,Seguro,Algo satisfecho
Bucaramanga,2010,Seguro,Ni satisfecho ni insatisfecho
Bucaramanga,2010,Algo seguro,Algo satisfecho
Bucaramanga,2010,Poco seguro,Ni satisfecho ni insatisfecho
Bucaramanga,2010,Seguro,Muy insatisfecho
Bucaramanga,2010,Seguro,Algo satisfecho
Bucaramanga,2010,Seguro,Algo satisfecho
Bucaramanga,2010,Algo seguro,Ni satisfecho ni insatisfecho
Bucaramanga,2010,Algo seguro,Algo insatisfecho
Bucaramanga,2010,Algo seguro,Algo satisfecho
Bucaramanga,2010,Algo seguro,Algo satisfecho
Bucaramanga,2010,Algo seguro,Algo insatisfecho
Bucaramanga,2010,Seguro,Ni satisfecho ni insatisfecho
Bucaramanga,2010,Algo seguro,Algo insatisfecho
Bucaramanga,2010,Algo seguro,Ni satisfecho ni insatisfecho
Bucaramanga,2010,Seguro,Ni satisfecho ni insatisfecho
Bucaramanga,2010,Seguro,Algo satisfecho
Bucaramanga,2010,Algo seguro,Algo satisfecho
Bucaramanga,2010,Seguro,Algo satisfecho
Bucaramanga,2010,Muy seguro,Ni satisfecho ni insatisfecho
Bucaramanga,2010,Muy seguro,Algo satisfecho
Bucaramanga,2010,Seguro,Algo insatisfecho
Bucaramanga,2010,Algo seguro,Algo insatisfecho
Bucaramanga,2010,Seguro,Algo satisfecho
Bucaramanga,2010,Seguro,Algo satisfecho
Bucaramanga,2010,Muy seguro,Algo insatisfecho
Bucaramanga,2010,Nada seguro,Algo insatisfecho
Bucaramanga,2010,Seguro,Ni satisfecho ni insatisfecho
Bucaramanga,2010,Seguro,Ni satisfecho ni insatisfecho
Bucaramanga,2010,Seguro,Algo insatisfecho
Bucaramanga,2010,Seguro,Algo satisfecho
Bucaramanga,2010,Seguro,Algo satisfecho
Bucaramanga,2010,Algo seguro,Algo satisfecho
Bucaramanga,2010,Seguro,Algo satisfecho
Bucaramanga,2010,Seguro,Algo satisfecho
Bucaramanga,2010,Seguro,Ni satisfecho ni insatisfecho
Bucaramanga,2010,Seguro,Algo satisfecho
Bucaramanga,2010,Seguro,Ni satisfecho ni insatisfecho
Bucaramanga,2010,Algo seguro,Ni satisfecho ni insatisfecho
Bucaramanga,2010,Algo seguro,Ni satisfecho ni insatisfecho
Bucaramanga,2010,Poco seguro,Algo insatisfecho
Bucaramanga,2010,Seguro,Ni satisfecho ni insatisfecho
Bucaramanga,2010,Algo seguro,Algo insatisfecho
Bucaramanga,2010,Seguro,Ni satisfecho ni insatisfecho
Bucaramanga,2010,Seguro,Algo satisfecho
Bucaramanga,2010,Seguro,Ni satisfecho ni insatisfecho
Bucaramanga,2010,Seguro,Ni satisfecho ni insatisfecho
Bucaramanga,2010,Seguro,Algo satisfecho
Bucaramanga,2010,Seguro,Muy satisfecho
Bucaramanga,2010,Muy seguro,Algo insatisfecho
Bucaramanga,2010,Muy seguro,Muy satisfecho
Bucaramanga,2010,Muy seguro,Muy satisfecho
Bucaramanga,2010,Muy seguro,Algo insatisfecho
Bucaramanga,2010,Nada seguro,Ni satisfecho ni insatisfecho
Bucaramanga,2010,Seguro,Muy satisfecho
Bucaramanga,2010,Seguro,Algo satisfecho
Bucaramanga,2010,Algo seguro,Muy insatisfecho
Bucaramanga,2010,Muy seguro,Ni satisfecho ni insatisfecho
Bucaramanga,2010,Seguro,Algo satisfecho
Bucaramanga,2010,Seguro,Algo satisfecho
Bucaramanga,2010,Algo seguro,Algo satisfecho
Bucaramanga,2010,Seguro,Algo satisfecho
Bucaramanga,2010,Poco seguro,Ni satisfecho ni insatisfecho
Bucaramanga,2010,Seguro,Algo satisfecho
Bucaramanga,2010,Seguro,Ni satisfecho ni insatisfecho
Bucaramanga,2010,Algo seguro,Algo insatisfecho
Bucaramanga,2010,Seguro,Algo insatisfecho
Bucaramanga,2010,Muy seguro,Algo satisfecho
Bucaramanga,2010,Seguro,Ni satisfecho ni insatisfecho
Bucaramanga,2010,Seguro,Algo satisfecho
Bucaramanga,2010,Algo seguro,Algo satisfecho
Bucaramanga,2010,Seguro,Algo satisfecho
Bucaramanga,2010,Seguro,Ni satisfecho ni insatisfecho
Bucaramanga,2010,Seguro,Algo insatisfecho
Bucaramanga,2010,Seguro,Ni satisfecho ni insatisfecho
Bucaramanga,2010,Seguro,Algo insatisfecho
Bucaramanga,2010,Algo seguro,Algo satisfecho
Bucaramanga,2010,Seguro,Muy satisfecho
Bucaramanga,2010,Muy seguro,Algo satisfecho
Bucaramanga,2010,Algo seguro,Algo satisfecho
Bucaramanga,2010,Muy seguro,Ni satisfecho ni insatisfecho
Bucaramanga,2010,Seguro,Ni satisfecho ni insatisfecho
Bucaramanga,2010,Algo seguro,Algo satisfecho
Bucaramanga,2010,Seguro,Algo satisfecho
Bucaramanga,2010,Algo seguro,Ni satisfecho ni insatisfecho
Bucaramanga,2010,Poco seguro,Ni satisfecho ni insatisfecho
Bucaramanga,2010,Algo seguro,Ni satisfecho ni insatisfecho
Bucaramanga,2010,Algo seguro,Ni satisfecho ni insatisfecho
Bucaramanga,2010,Algo seguro,Ni satisfecho ni insatisfecho
Bucaramanga,2010,Seguro,Ni satisfecho ni insatisfecho
Bucaramanga,2010,Algo seguro,Ni satisfecho ni insatisfecho
Bucaramanga,2010,Algo seguro,Algo insatisfecho
Bucaramanga,2010,Muy seguro,Algo insatisfecho
Bucaramanga,2010,Algo seguro,Algo insatisfecho
Bucaramanga,2010,Seguro,Algo satisfecho
Bucaramanga,2010,Seguro,Muy insatisfecho
Bucaramanga,2010,Algo seguro,Muy insatisfecho
Bucaramanga,2010,Algo seguro,Muy insatisfecho
Bucaramanga,2010,Seguro,Algo satisfecho
Bucaramanga,2010,Seguro,Algo satisfecho
Bucaramanga,2010,Muy seguro,Algo satisfecho
Bucaramanga,2010,Algo seguro,Algo insatisfecho
Bucaramanga,2010,Seguro,Algo satisfecho
Bucaramanga,2010,Seguro,Algo satisfecho
Bucaramanga,2010,Muy seguro,Algo satisfecho
Bucaramanga,2010,Algo seguro,Ni satisfecho ni insatisfecho
Bucaramanga,2010,Poco seguro,Muy satisfecho
Bucaramanga,2010,Algo seguro,Algo insatisfecho
Bucaramanga,2010,Seguro,Algo satisfecho
Bucaramanga,2010,Algo seguro,Algo insatisfecho
Bucaramanga,2010,Seguro,Algo satisfecho
Bucaramanga,2010,Seguro,Ni satisfecho ni insatisfecho
Bucaramanga,2010,Seguro,Ni satisfecho ni insatisfecho
Bucaramanga,2010,Seguro,Algo insatisfecho
Bucaramanga,2010,Seguro,Algo satisfecho
Bucaramanga,2010,Muy seguro,Ni satisfecho ni insatisfecho
Bucaramanga,2010,Seguro,Ni satisfecho ni insatisfecho
Bucaramanga,2010,Muy seguro,Algo satisfecho
Bucaramanga,2010,Muy seguro,Ni satisfecho ni insatisfecho
Bucaramanga,2010,Muy seguro,Ni satisfecho ni insatisfecho
Bucaramanga,2010,Seguro,Ni satisfecho ni insatisfecho
Bucaramanga,2010,Muy seguro,Algo satisfecho
Bucaramanga,2010,Algo seguro,Algo satisfecho
Bucaramanga,2010,Muy seguro,Ni satisfecho ni insatisfecho
Bucaramanga,2010,Muy seguro,Algo satisfecho
Bucaramanga,2010,Nada seguro,Algo satisfecho
Bucaramanga,2010,Seguro,Algo insatisfecho
Bucaramanga,2010,Muy seguro,Muy satisfecho
Bucaramanga,2010,Algo seguro,Algo insatisfecho
Bucaramanga,2010,Algo seguro,Muy insatisfecho
Bucaramanga,2010,Algo seguro,Muy insatisfecho
Bucaramanga,2010,Algo seguro,Muy insatisfecho
Bucaramanga,2010,Muy seguro,Ni satisfecho ni insatisfecho
Bucaramanga,2010,Algo seguro,Algo insatisfecho
Bucaramanga,2010,Nada seguro,Muy insatisfecho
Bucaramanga,2010,Muy seguro,Algo satisfecho
Bucaramanga,2010,Muy seguro,Algo satisfecho
Bucaramanga,2010,Algo seguro,Algo satisfecho
Bucaramanga,2010,Algo seguro,Ni satisfecho ni insatisfecho
Bucaramanga,2010,Seguro,Ni satisfecho ni insatisfecho
Bucaramanga,2010,Algo seguro,Algo insatisfecho
Bucaramanga,2010,Algo seguro,Ni satisfecho ni insatisfecho
Bucaramanga,2010,Muy seguro,Ni satisfecho ni insatisfecho
Bucaramanga,2010,Seguro,Algo satisfecho
Bucaramanga,2010,Nada seguro,Muy insatisfecho
Bucaramanga,2010,Seguro,Muy insatisfecho
Bucaramanga,2010,Algo seguro,Algo satisfecho
Bucaramanga,2010,Poco seguro,Algo satisfecho
Bucaramanga,2010,Seguro,Ni satisfecho ni insatisfecho
Bucaramanga,2010,Algo seguro,Algo insatisfecho
Bucaramanga,2010,Seguro,Algo satisfecho
Bucaramanga,2010,Poco seguro,Algo insatisfecho
Bucaramanga,2010,Muy seguro,Ni satisfecho ni insatisfecho
Bucaramanga,2010,Seguro,Ni satisfecho ni insatisfecho
Bucaramanga,2010,Seguro,Algo insatisfecho
Bucaramanga,2010,Algo seguro,Algo satisfecho
Bucaramanga,2010,Algo seguro,Muy insatisfecho
Bucaramanga,2010,Seguro,Ni satisfecho ni insatisfecho
Bucaramanga,2010,Poco seguro,Algo insatisfecho
Bucaramanga,2010,Algo seguro,Algo insatisfecho
Bucaramanga,2010,Seguro,Ni satisfecho ni insatisfecho
Bucaramanga,2010,Seguro,Algo satisfecho
Bucaramanga,2010,Algo seguro,Algo satisfecho
Bucaramanga,2010,Seguro,Ni satisfecho ni insatisfecho
Bucaramanga,2010,Algo seguro,Algo insatisfecho
Bucaramanga,2010,Algo seguro,Muy insatisfecho
Bucaramanga,2010,Seguro,Muy insatisfecho
Bucaramanga,2010,Seguro,Algo insatisfecho
Bucaramanga,2010,Algo seguro,Ni satisfecho ni insatisfecho
Bucaramanga,2010,Algo seguro,Algo satisfecho
Bucaramanga,2010,Seguro,Algo satisfecho
Bucaramanga,2010,Muy seguro,Algo satisfecho
Bucaramanga,2010,Muy seguro,Algo satisfecho
Bucaramanga,2010,Seguro,Algo insatisfecho
Bucaramanga,2010,Algo seguro,Ni satisfecho ni insatisfecho
Bucaramanga,2010,Seguro,Ni satisfecho ni insatisfecho
Bucaramanga,2010,Seguro,Algo insatisfecho
Bucaramanga,2010,Seguro,Ni satisfecho ni insatisfecho
Bucaramanga,2010,Algo seguro,Algo insatisfecho
Bucaramanga,2010,Algo seguro,Ni satisfecho ni insatisfecho
Bucaramanga,2010,Seguro,Algo insatisfecho
Bucaramanga,2010,Poco seguro,Algo insatisfecho
Bucaramanga,2010,Algo seguro,Muy insatisfecho
Bucaramanga,2010,Algo seguro,Algo satisfecho
Bucaramanga,2010,Poco seguro,Ni satisfecho ni insatisfecho
Bucaramanga,2010,Algo seguro,Algo satisfecho
Bucaramanga,2010,Algo seguro,Algo satisfecho
Bucaramanga,2010,Seguro,Algo satisfecho
Bucaramanga,2010,Algo seguro,Algo satisfecho
Bucaramanga,2010,Seguro,Ni satisfecho ni insatisfecho
Bucaramanga,2010,Seguro,Ni satisfecho ni insatisfecho
Bucaramanga,2010,Algo seguro,Ni satisfecho ni insatisfecho
Bucaramanga,2010,Seguro,Algo insatisfecho
Bucaramanga,2010,Nada seguro,Algo satisfecho
Bucaramanga,2010,Algo seguro,Algo satisfecho
Bucaramanga,2010,Nada seguro,Algo satisfecho
Bucaramanga,2010,Algo seguro,Algo satisfecho
Bucaramanga,2010,Algo seguro,Muy insatisfecho
Bucaramanga,2010,Seguro,Ni satisfecho ni insatisfecho
Bucaramanga,2010,Algo seguro,Ni satisfecho ni insatisfecho
Bucaramanga,2010,Algo seguro,Ni satisfecho ni insatisfecho
Bucaramanga,2010,Seguro,Ni satisfecho ni insatisfecho
Bucaramanga,2010,Seguro,Ni satisfecho ni insatisfecho
Bucaramanga,2010,Algo seguro,Ni satisfecho ni insatisfecho
Bucaramanga,2010,Algo seguro,Algo insatisfecho
Bucaramanga,2010,Seguro,Algo satisfecho
Bucaramanga,2010,Algo seguro,Ni satisfecho ni insatisfecho
Bucaramanga,2010,Seguro,Ni satisfecho ni insatisfecho
Bucaramanga,2010,Muy seguro,Muy insatisfecho
Bucaramanga,2010,Seguro,Ni satisfecho ni insatisfecho
Bucaramanga,2010,Muy seguro,Algo satisfecho
Bucaramanga,2010,Algo seguro,Algo satisfecho
Bucaramanga,2010,Seguro,Algo insatisfecho
Bucaramanga,2010,Algo seguro,Algo insatisfecho
Bucaramanga,2010,Algo seguro,Ni satisfecho ni insatisfecho
Bucaramanga,2010,Algo seguro,Algo insatisfecho
Bucaramanga,2010,Seguro,Ni satisfecho ni insatisfecho
Bucaramanga,2010,Algo seguro,Muy satisfecho
Bucaramanga,2010,Algo seguro,Ni satisfecho ni insatisfecho
Bucaramanga,2010,Seguro,Ni satisfecho ni insatisfecho
Bucaramanga,2010,Algo seguro,Muy insatisfecho
Bucaramanga,2010,Seguro,Algo insatisfecho
Bucaramanga,2010,Seguro,Algo satisfecho
Bucaramanga,2010,Algo seguro,Algo satisfecho
Bucaramanga,2010,Seguro,Muy insatisfecho
Bucaramanga,2010,Seguro,Ni satisfecho ni insatisfecho
Bucaramanga,2010,Seguro,Ni satisfecho ni insatisfecho
Bucaramanga,2010,Algo seguro,Ni satisfecho ni insatisfecho
Bucaramanga,2010,Seguro,Algo insatisfecho
Bucaramanga,2010,Seguro,Algo insatisfecho
Bucaramanga,2010,Seguro,Ni satisfecho ni insatisfecho
Bucaramanga,2010,Seguro,Ni satisfecho ni insatisfecho
Bucaramanga,2010,Seguro,Ni satisfecho ni insatisfecho
Bucaramanga,2010,Algo seguro,Algo insatisfecho
Bucaramanga,2010,Algo seguro,Algo insatisfecho
Bucaramanga,2010,Algo seguro,Algo insatisfecho
Bucaramanga,2010,Algo seguro,Algo satisfecho
Bucaramanga,2010,Algo seguro,Muy insatisfecho
Bucaramanga,2010,Algo seguro,Algo insatisfecho
Bucaramanga,2010,Seguro,Algo insatisfecho
Bucaramanga,2010,Seguro,Ni satisfecho ni insatisfecho
Bucaramanga,2010,Seguro,Algo insatisfecho
Bucaramanga,2010,Muy seguro,Algo insatisfecho
Bucaramanga,2010,Seguro,Ni satisfecho ni insatisfecho
Bucaramanga,2010,Poco seguro,Algo insatisfecho
Bucaramanga,2010,Seguro,Ni satisfecho ni insatisfecho
Bucaramanga,2010,Poco seguro,Ni satisfecho ni insatisfecho
Bucaramanga,2010,Nada seguro,Muy insatisfecho
Bucaramanga,2010,Seguro,Algo satisfecho
Bucaramanga,2010,Nada seguro,Algo satisfecho
Bucaramanga,2010,Algo seguro,Muy insatisfecho
Bucaramanga,2010,Poco seguro,Ni satisfecho ni insatisfecho
Bucaramanga,2010,Seguro,Algo satisfecho
Bucaramanga,2010,Muy seguro,Muy insatisfecho
Bucaramanga,2010,Seguro,Muy insatisfecho
Bucaramanga,2010,Algo seguro,Ni satisfecho ni insatisfecho
Bucaramanga,2010,Algo seguro,Ni satisfecho ni insatisfecho
Bucaramanga,2010,Seguro,Ni satisfecho ni insatisfecho
Bucaramanga,2010,Seguro,Ni satisfecho ni insatisfecho
Bucaramanga,2010,Algo seguro,Ni satisfecho ni insatisfecho
Bucaramanga,2010,Algo seguro,Algo insatisfecho
Bucaramanga,2010,Seguro,Algo insatisfecho
Bucaramanga,2010,Seguro,Algo satisfecho
Bucaramanga,2010,Algo seguro,Algo satisfecho
Bucaramanga,2010,Algo seguro,Algo satisfecho
Bucaramanga,2010,Seguro,Algo satisfecho
Bucaramanga,2010,Muy seguro,Algo satisfecho
Bucaramanga,2010,Seguro,Algo satisfecho
Bucaramanga,2010,Algo seguro,Ni satisfecho ni insatisfecho
Bucaramanga,2010,Seguro,Ni satisfecho ni insatisfecho
Bucaramanga,2010,Muy seguro,Algo satisfecho
Bucaramanga,2010,Seguro,Ni satisfecho ni insatisfecho
Bucaramanga,2010,Seguro,Ni satisfecho ni insatisfecho
Bucaramanga,2010,Algo seguro,Ni satisfecho ni insatisfecho
Bucaramanga,2010,Algo seguro,Ni satisfecho ni insatisfecho
Bucaramanga,2010,Muy seguro,Ni satisfecho ni insatisfecho
Bucaramanga,2010,Seguro,Ni satisfecho ni insatisfecho
Bucaramanga,2010,Muy seguro,Ni satisfecho ni insatisfecho
Bucaramanga,2010,Algo seguro,Algo insatisfecho
Bucaramanga,2010,Nada seguro,Algo insatisfecho
Bucaramanga,2010,Algo seguro,Algo satisfecho
Bucaramanga,2010,Seguro,Muy insatisfecho
Bucaramanga,2010,Muy seguro,Ni satisfecho ni insatisfecho
Bucaramanga,2010,Seguro,Algo satisfecho
Bucaramanga,2010,Seguro,Ni satisfecho ni insatisfecho
Bucaramanga,2010,Algo seguro,Ni satisfecho ni insatisfecho
Bucaramanga,2010,Seguro,Algo insatisfecho
Bucaramanga,2010,Algo seguro,Muy insatisfecho
Bucaramanga,2010,Seguro,Ni satisfecho ni insatisfecho
Bucaramanga,2010,Seguro,Muy satisfecho
Bucaramanga,2010,Seguro,Ni satisfecho ni insatisfecho
Bucaramanga,2010,Algo seguro,Algo insatisfecho
Bucaramanga,2010,Seguro,Algo insatisfecho
Bucaramanga,2010,Algo seguro,Ni satisfecho ni insatisfecho
Bucaramanga,2010,Seguro,Ni satisfecho ni insatisfecho
Bucaramanga,2010,Seguro,Ni satisfecho ni insatisfecho
Bucaramanga,2010,Seguro,Ni satisfecho ni insatisfecho
Bucaramanga,2010,Seguro,Algo insatisfecho
Bucaramanga,2010,Seguro,Ni satisfecho ni insatisfecho
Bucaramanga,2010,Muy seguro,Ni satisfecho ni insatisfecho
Bucaramanga,2010,Muy seguro,Algo satisfecho
Bucaramanga,2010,Muy seguro,Algo satisfecho
Bucaramanga,2010,Muy seguro,Ni satisfecho ni insatisfecho
Bucaramanga,2010,Seguro,Ni satisfecho ni insatisfecho
Bucaramanga,2010,Seguro,Ni satisfecho ni insatisfecho
Bucaramanga,2010,Seguro,Algo satisfecho
Bucaramanga,2010,Muy seguro,Ni satisfecho ni insatisfecho
Bucaramanga,2010,Seguro,Algo satisfecho
Bucaramanga,2010,Algo seguro,Muy insatisfecho
Bucaramanga,2010,Seguro,Algo insatisfecho
Bucaramanga,2010,Seguro,Algo insatisfecho
Bucaramanga,2010,Seguro,Algo insatisfecho
Bucaramanga,2010,Algo seguro,Algo satisfecho
Bucaramanga,2010,Algo seguro,Ni satisfecho ni insatisfecho
Bucaramanga,2010,Seguro,Algo insatisfecho
Bucaramanga,2010,Seguro,Algo satisfecho
Bucaramanga,2010,Algo seguro,Algo insatisfecho
Bucaramanga,2010,Muy seguro,Algo satisfecho
Bucaramanga,2010,Algo seguro,Algo satisfecho
Bucaramanga,2010,Algo seguro,Algo satisfecho
Bucaramanga,2010,Seguro,Algo satisfecho
Bucaramanga,2010,Muy seguro,Algo satisfecho
Bucaramanga,2010,Algo seguro,Algo satisfecho
Bucaramanga,2010,Seguro,Ni satisfecho ni insatisfecho
Bucaramanga,2010,Seguro,Ni satisfecho ni insatisfecho
Bucaramanga,2010,Algo seguro,Muy insatisfecho
Bucaramanga,2010,Seguro,Ni satisfecho ni insatisfecho
Bucaramanga,2010,Algo seguro,Ni satisfecho ni insatisfecho
Bucaramanga,2010,Seguro,Ni satisfecho ni insatisfecho
Bucaramanga,2010,Algo seguro,Ni satisfecho ni insatisfecho
Bucaramanga,2010,Seguro,Ni satisfecho ni insatisfecho
Bucaramanga,2010,Nada seguro,Ni satisfecho ni insatisfecho
Bucaramanga,2010,Algo seguro,Ni satisfecho ni insatisfecho
Bucaramanga,2010,Algo seguro,Ni satisfecho ni insatisfecho
Bucaramanga,2010,Seguro,Ni satisfecho ni insatisfecho
Bucaramanga,2010,Seguro,Ni satisfecho ni insatisfecho
Bucaramanga,2010,Seguro,Ni satisfecho ni insatisfecho
Bucaramanga,2010,Seguro,Ni satisfecho ni insatisfecho
Bucaramanga,2010,Seguro,Ni satisfecho ni insatisfecho
Bucaramanga,2010,Muy seguro,Ni satisfecho ni insatisfecho
Bucaramanga,2010,Algo seguro,Algo satisfecho
Bucaramanga,2010,Seguro,Algo insatisfecho
Bucaramanga,2010,Muy seguro,Algo satisfecho
Bucaramanga,2010,Nada seguro,Algo insatisfecho
Bucaramanga,2010,Algo seguro,Muy insatisfecho
Bucaramanga,2010,Algo seguro,Ni satisfecho ni insatisfecho
Bucaramanga,2010,Seguro,Muy insatisfecho
Bucaramanga,2010,Nada seguro,Muy insatisfecho
Bucaramanga,2010,Muy seguro,Ni satisfecho ni insatisfecho
Bucaramanga,2010,Algo seguro,Ni satisfecho ni insatisfecho
Bucaramanga,2010,Seguro,Ni satisfecho ni insatisfecho
Bucaramanga,2010,Algo seguro,Ni satisfecho ni insatisfecho
Bucaramanga,2010,Muy seguro,Ni satisfecho ni insatisfecho
Bucaramanga,2010,Seguro,Algo satisfecho
Bucaramanga,2010,Nada seguro,Muy insatisfecho
Bucaramanga,2010,Algo seguro,Algo insatisfecho
Bucaramanga,2010,Algo seguro,Ni satisfecho ni insatisfecho
Bucaramanga,2010,Algo seguro,Algo satisfecho
Bucaramanga,2010,Seguro,Algo insatisfecho
Bucaramanga,2010,Poco seguro,Muy insatisfecho
Bucaramanga,2010,Muy seguro,Algo insatisfecho
Bucaramanga,2010,Nada seguro,Algo satisfecho
Bucaramanga,2010,Algo seguro,Algo insatisfecho
Bucaramanga,2010,Algo seguro,Algo insatisfecho
Bucaramanga,2010,Algo seguro,Algo insatisfecho
Bucaramanga,2010,Seguro,Ni satisfecho ni insatisfecho
Bucaramanga,2010,Muy seguro,Algo satisfecho
Bucaramanga,2010,Algo seguro,Algo insatisfecho
Bucaramanga,2010,Seguro,Ni satisfecho ni insatisfecho
Bucaramanga,2010,Seguro,Algo satisfecho
Bucaramanga,2011,Algo seguro,NA
Bucaramanga,2011,Poco seguro,NA
Bucaramanga,2011,Seguro,NA
Bucaramanga,2011,Muy seguro,NA
Bucaramanga,2011,Muy seguro,NA
Bucaramanga,2011,Algo seguro,NA
Bucaramanga,2011,Algo seguro,NA
Bucaramanga,2011,Seguro,NA
Bucaramanga,2011,Muy seguro,NA
Bucaramanga,2011,Seguro,NA
Bucaramanga,2011,Algo seguro,NA
Bucaramanga,2011,Seguro,NA
Bucaramanga,2011,Muy seguro,NA
Bucaramanga,2011,Muy seguro,NA
Bucaramanga,2011,Seguro,NA
Bucaramanga,2011,Poco seguro,NA
Bucaramanga,2011,Algo seguro,NA
Bucaramanga,2011,Seguro,NA
Bucaramanga,2011,Muy seguro,NA
Bucaramanga,2011,Algo seguro,NA
Bucaramanga,2011,Seguro,NA
Bucaramanga,2011,Seguro,NA
Bucaramanga,2011,Muy seguro,NA
Bucaramanga,2011,Algo seguro,NA
Bucaramanga,2011,Algo seguro,NA
Bucaramanga,2011,Seguro,NA
Bucaramanga,2011,Algo seguro,NA
Bucaramanga,2011,Algo seguro,NA
Bucaramanga,2011,Algo seguro,NA
Bucaramanga,2011,Algo seguro,NA
Bucaramanga,2011,Nada seguro,NA
Bucaramanga,2011,Algo seguro,NA
Bucaramanga,2011,Algo seguro,NA
Bucaramanga,2011,Algo seguro,NA
Bucaramanga,2011,Nada seguro,NA
Bucaramanga,2011,Algo seguro,NA
Bucaramanga,2011,Seguro,NA
Bucaramanga,2011,Seguro,NA
Bucaramanga,2011,Muy seguro,NA
Bucaramanga,2011,Algo seguro,NA
Bucaramanga,2011,Poco seguro,NA
Bucaramanga,2011,Muy seguro,NA
Bucaramanga,2011,Algo seguro,NA
Bucaramanga,2011,Seguro,NA
Bucaramanga,2011,Muy seguro,NA
Bucaramanga,2011,Algo seguro,NA
Bucaramanga,2011,Algo seguro,NA
Bucaramanga,2011,Poco seguro,NA
Bucaramanga,2011,Poco seguro,NA
Bucaramanga,2011,Seguro,NA
Bucaramanga,2011,Seguro,NA
Bucaramanga,2011,Algo seguro,NA
Bucaramanga,2011,Seguro,NA
Bucaramanga,2011,Seguro,NA
Bucaramanga,2011,Poco seguro,NA
Bucaramanga,2011,Seguro,NA
Bucaramanga,2011,Poco seguro,NA
Bucaramanga,2011,Algo seguro,NA
Bucaramanga,2011,Muy seguro,NA
Bucaramanga,2011,Seguro,NA
Bucaramanga,2011,Poco seguro,NA
Bucaramanga,2011,Algo seguro,NA
Bucaramanga,2011,Algo seguro,NA
Bucaramanga,2011,Muy seguro,NA
Bucaramanga,2011,Poco seguro,NA
Bucaramanga,2011,Seguro,NA
Bucaramanga,2011,Algo seguro,NA
Bucaramanga,2011,Poco seguro,NA
Bucaramanga,2011,Algo seguro,NA
Bucaramanga,2011,Poco seguro,NA
Bucaramanga,2011,Algo seguro,NA
Bucaramanga,2011,Algo seguro,NA
Bucaramanga,2011,Muy seguro,NA
Bucaramanga,2011,Seguro,NA
Bucaramanga,2011,Algo seguro,NA
Bucaramanga,2011,Seguro,NA
Bucaramanga,2011,Muy seguro,NA
Bucaramanga,2011,Algo seguro,NA
Bucaramanga,2011,Muy seguro,NA
Bucaramanga,2011,Poco seguro,NA
Bucaramanga,2011,Muy seguro,NA
Bucaramanga,2011,Muy seguro,NA
Bucaramanga,2011,Seguro,NA
Bucaramanga,2011,Seguro,NA
Bucaramanga,2011,Seguro,NA
Bucaramanga,2011,Muy seguro,NA
Bucaramanga,2011,Seguro,NA
Bucaramanga,2011,Seguro,NA
Bucaramanga,2011,Poco seguro,NA
Bucaramanga,2011,Seguro,NA
Bucaramanga,2011,Seguro,NA
Bucaramanga,2011,Seguro,NA
Bucaramanga,2011,Nada seguro,NA
Bucaramanga,2011,Seguro,NA
Bucaramanga,2011,Algo seguro,NA
Bucaramanga,2011,Seguro,NA
Bucaramanga,2011,Algo seguro,NA
Bucaramanga,2011,Algo seguro,NA
Bucaramanga,2011,Algo seguro,NA
Bucaramanga,2011,Nada seguro,NA
Bucaramanga,2011,Muy seguro,NA
Bucaramanga,2011,Nada seguro,NA
Bucaramanga,2011,Algo seguro,NA
Bucaramanga,2011,Poco seguro,NA
Bucaramanga,2011,Algo seguro,NA
Bucaramanga,2011,Poco seguro,NA
Bucaramanga,2011,Muy seguro,NA
Bucaramanga,2011,Muy seguro,NA
Bucaramanga,2011,Muy seguro,NA
Bucaramanga,2011,Algo seguro,NA
Bucaramanga,2011,Muy seguro,NA
Bucaramanga,2011,Muy seguro,NA
Bucaramanga,2011,Algo seguro,NA
Bucaramanga,2011,Seguro,NA
Bucaramanga,2011,Algo seguro,NA
Bucaramanga,2011,Seguro,NA
Bucaramanga,2011,Algo seguro,NA
Bucaramanga,2011,Seguro,NA
Bucaramanga,2011,Poco seguro,NA
Bucaramanga,2011,Seguro,NA
Bucaramanga,2011,Muy seguro,NA
Bucaramanga,2011,Algo seguro,NA
Bucaramanga,2011,Seguro,NA
Bucaramanga,2011,Poco seguro,NA
Bucaramanga,2011,Poco seguro,NA
Bucaramanga,2011,Seguro,NA
Bucaramanga,2011,Poco seguro,NA
Bucaramanga,2011,Seguro,NA
Bucaramanga,2011,Algo seguro,NA
Bucaramanga,2011,Algo seguro,NA
Bucaramanga,2011,Algo seguro,NA
Bucaramanga,2011,Seguro,NA
Bucaramanga,2011,Muy seguro,NA
Bucaramanga,2011,Poco seguro,NA
Bucaramanga,2011,Algo seguro,NA
Bucaramanga,2011,Nada seguro,NA
Bucaramanga,2011,Seguro,NA
Bucaramanga,2011,Poco seguro,NA
Bucaramanga,2011,Poco seguro,NA
Bucaramanga,2011,Algo seguro,NA
Bucaramanga,2011,Algo seguro,NA
Bucaramanga,2011,Algo seguro,NA
Bucaramanga,2011,Muy seguro,NA
Bucaramanga,2011,Muy seguro,NA
Bucaramanga,2011,Algo seguro,NA
Bucaramanga,2011,Muy seguro,NA
Bucaramanga,2011,Muy seguro,NA
Bucaramanga,2011,Poco seguro,NA
Bucaramanga,2011,Seguro,NA
Bucaramanga,2011,Poco seguro,NA
Bucaramanga,2011,Seguro,NA
Bucaramanga,2011,Poco seguro,NA
Bucaramanga,2011,Nada seguro,NA
Bucaramanga,2011,Seguro,NA
Bucaramanga,2011,Algo seguro,NA
Bucaramanga,2011,Poco seguro,NA
Bucaramanga,2011,Muy seguro,NA
Bucaramanga,2011,Algo seguro,NA
Bucaramanga,2011,Poco seguro,NA
Bucaramanga,2011,Seguro,NA
Bucaramanga,2011,Algo seguro,NA
Bucaramanga,2011,Algo seguro,NA
Bucaramanga,2011,Seguro,NA
Bucaramanga,2011,Seguro,NA
Bucaramanga,2011,Nada seguro,NA
Bucaramanga,2011,Muy seguro,NA
Bucaramanga,2011,Algo seguro,NA
Bucaramanga,2011,Seguro,NA
Bucaramanga,2011,Algo seguro,NA
Bucaramanga,2011,Poco seguro,NA
Bucaramanga,2011,Algo seguro,NA
Bucaramanga,2011,Algo seguro,NA
Bucaramanga,2011,Seguro,NA
Bucaramanga,2011,Nada seguro,NA
Bucaramanga,2011,Seguro,NA
Bucaramanga,2011,Muy seguro,NA
Bucaramanga,2011,Seguro,NA
Bucaramanga,2011,Seguro,NA
Bucaramanga,2011,Algo seguro,NA
Bucaramanga,2011,Seguro,NA
Bucaramanga,2011,Algo seguro,NA
Bucaramanga,2011,Algo seguro,NA
Bucaramanga,2011,Seguro,NA
Bucaramanga,2011,Seguro,NA
Bucaramanga,2011,Poco seguro,NA
Bucaramanga,2011,Algo seguro,NA
Bucaramanga,2011,Nada seguro,NA
Bucaramanga,2011,Algo seguro,NA
Bucaramanga,2011,Muy seguro,NA
Bucaramanga,2011,Seguro,NA
Bucaramanga,2011,Algo seguro,NA
Bucaramanga,2011,Algo seguro,NA
Bucaramanga,2011,Seguro,NA
Bucaramanga,2011,Muy seguro,NA
Bucaramanga,2011,Seguro,NA
Bucaramanga,2011,Muy seguro,NA
Bucaramanga,2011,Algo seguro,NA
Bucaramanga,2011,Algo seguro,NA
Bucaramanga,2011,Seguro,NA
Bucaramanga,2011,Algo seguro,NA
Bucaramanga,2011,Algo seguro,NA
Bucaramanga,2011,Algo seguro,NA
Bucaramanga,2011,Algo seguro,NA
Bucaramanga,2011,Poco seguro,NA
Bucaramanga,2011,Muy seguro,NA
Bucaramanga,2011,Seguro,NA
Bucaramanga,2011,Seguro,NA
Bucaramanga,2011,Algo seguro,NA
Bucaramanga,2011,Seguro,NA
Bucaramanga,2011,Muy seguro,NA
Bucaramanga,2011,Algo seguro,NA
Bucaramanga,2011,Algo seguro,NA
Bucaramanga,2011,Algo seguro,NA
Bucaramanga,2011,Seguro,NA
Bucaramanga,2011,Muy seguro,NA
Bucaramanga,2011,Nada seguro,NA
Bucaramanga,2011,Seguro,NA
Bucaramanga,2011,Algo seguro,NA
Bucaramanga,2011,Poco seguro,NA
Bucaramanga,2011,Algo seguro,NA
Bucaramanga,2011,Muy seguro,NA
Bucaramanga,2011,Muy seguro,NA
Bucaramanga,2011,Algo seguro,NA
Bucaramanga,2011,Algo seguro,NA
Bucaramanga,2011,Muy seguro,NA
Bucaramanga,2011,Algo seguro,NA
Bucaramanga,2011,Algo seguro,NA
Bucaramanga,2011,Muy seguro,NA
Bucaramanga,2011,Algo seguro,NA
Bucaramanga,2011,Nada seguro,NA
Bucaramanga,2011,Algo seguro,NA
Bucaramanga,2011,Algo seguro,NA
Bucaramanga,2011,Nada seguro,NA
Bucaramanga,2011,Muy seguro,NA
Bucaramanga,2011,Algo seguro,NA
Bucaramanga,2011,Nada seguro,NA
Bucaramanga,2011,Muy seguro,NA
Bucaramanga,2011,Algo seguro,NA
Bucaramanga,2011,Muy seguro,NA
Bucaramanga,2011,Algo seguro,NA
Bucaramanga,2011,Seguro,NA
Bucaramanga,2011,Poco seguro,NA
Bucaramanga,2011,Algo seguro,NA
Bucaramanga,2011,Seguro,NA
Bucaramanga,2011,Algo seguro,NA
Bucaramanga,2011,Poco seguro,NA
Bucaramanga,2011,Nada seguro,NA
Bucaramanga,2011,Muy seguro,NA
Bucaramanga,2011,Algo seguro,NA
Bucaramanga,2011,Muy seguro,NA
Bucaramanga,2011,Seguro,NA
Bucaramanga,2011,Muy seguro,NA
Bucaramanga,2011,Muy seguro,NA
Bucaramanga,2011,Algo seguro,NA
Bucaramanga,2011,Poco seguro,NA
Bucaramanga,2011,Algo seguro,NA
Bucaramanga,2011,Algo seguro,NA
Bucaramanga,2011,Algo seguro,NA
Bucaramanga,2011,Nada seguro,NA
Bucaramanga,2011,Muy seguro,NA
Bucaramanga,2011,Algo seguro,NA
Bucaramanga,2011,Seguro,NA
Bucaramanga,2011,Algo seguro,NA
Bucaramanga,2011,Algo seguro,NA
Bucaramanga,2011,Algo seguro,NA
Bucaramanga,2011,Poco seguro,NA
Bucaramanga,2011,Poco seguro,NA
Bucaramanga,2011,Algo seguro,NA
Bucaramanga,2011,Algo seguro,NA
Bucaramanga,2011,Seguro,NA
Bucaramanga,2011,Algo seguro,NA
Bucaramanga,2011,Seguro,NA
Bucaramanga,2011,Seguro,NA
Bucaramanga,2011,Poco seguro,NA
Bucaramanga,2011,Algo seguro,NA
Bucaramanga,2011,Seguro,NA
Bucaramanga,2011,Poco seguro,NA
Bucaramanga,2011,Poco seguro,NA
Bucaramanga,2011,Seguro,NA
Bucaramanga,2011,Algo seguro,NA
Bucaramanga,2011,Muy seguro,NA
Bucaramanga,2011,Algo seguro,NA
Bucaramanga,2011,Algo seguro,NA
Bucaramanga,2011,Seguro,NA
Bucaramanga,2011,Algo seguro,NA
Bucaramanga,2011,Seguro,NA
Bucaramanga,2011,Muy seguro,NA
Bucaramanga,2011,Poco seguro,NA
Bucaramanga,2011,Poco seguro,NA
Bucaramanga,2011,Algo seguro,NA
Bucaramanga,2011,Nada seguro,NA
Bucaramanga,2011,Algo seguro,NA
Bucaramanga,2011,Poco seguro,NA
Bucaramanga,2011,Algo seguro,NA
Bucaramanga,2011,Algo seguro,NA
Bucaramanga,2011,Seguro,NA
Bucaramanga,2011,Algo seguro,NA
Bucaramanga,2011,Seguro,NA
Bucaramanga,2011,Muy seguro,NA
Bucaramanga,2011,Poco seguro,NA
Bucaramanga,2011,Seguro,NA
Bucaramanga,2011,Poco seguro,NA
Bucaramanga,2011,Algo seguro,NA
Bucaramanga,2011,Muy seguro,NA
Bucaramanga,2011,Muy seguro,NA
Bucaramanga,2011,Algo seguro,NA
Bucaramanga,2011,Algo seguro,NA
Bucaramanga,2011,Nada seguro,NA
Bucaramanga,2011,Muy seguro,NA
Bucaramanga,2011,Algo seguro,NA
Bucaramanga,2011,Algo seguro,NA
Bucaramanga,2011,Seguro,NA
Bucaramanga,2011,Algo seguro,NA
Bucaramanga,2011,Muy seguro,NA
Bucaramanga,2011,Seguro,NA
Bucaramanga,2011,Poco seguro,NA
Bucaramanga,2011,Poco seguro,NA
Bucaramanga,2011,Algo seguro,NA
Bucaramanga,2011,Nada seguro,NA
Bucaramanga,2011,Seguro,NA
Bucaramanga,2011,Seguro,NA
Bucaramanga,2011,Poco seguro,NA
Bucaramanga,2011,Poco seguro,NA
Bucaramanga,2011,Seguro,NA
Bucaramanga,2011,Algo seguro,NA
Bucaramanga,2011,Muy seguro,NA
Bucaramanga,2011,Muy seguro,NA
Bucaramanga,2011,Nada seguro,NA
Bucaramanga,2011,Nada seguro,NA
Bucaramanga,2011,Algo seguro,NA
Bucaramanga,2011,Algo seguro,NA
Bucaramanga,2011,Muy seguro,NA
Bucaramanga,2011,Algo seguro,NA
Bucaramanga,2011,Poco seguro,NA
Bucaramanga,2011,Algo seguro,NA
Bucaramanga,2011,Nada seguro,NA
Bucaramanga,2011,Nada seguro,NA
Bucaramanga,2011,Seguro,NA
Bucaramanga,2011,Nada seguro,NA
Bucaramanga,2011,Seguro,NA
Bucaramanga,2011,Nada seguro,NA
Bucaramanga,2011,Algo seguro,NA
Bucaramanga,2011,Nada seguro,NA
Bucaramanga,2011,Seguro,NA
Bucaramanga,2011,Poco seguro,NA
Bucaramanga,2011,Poco seguro,NA
Bucaramanga,2011,Poco seguro,NA
Bucaramanga,2011,Poco seguro,NA
Bucaramanga,2011,Seguro,NA
Bucaramanga,2011,Seguro,NA
Bucaramanga,2011,Poco seguro,NA
Bucaramanga,2011,Algo seguro,NA
Bucaramanga,2011,Seguro,NA
Bucaramanga,2011,Seguro,NA
Bucaramanga,2011,Seguro,NA
Bucaramanga,2011,Poco seguro,NA
Bucaramanga,2011,Poco seguro,NA
Bucaramanga,2011,Poco seguro,NA
Bucaramanga,2011,Algo seguro,NA
Bucaramanga,2011,Algo seguro,NA
Bucaramanga,2011,Seguro,NA
Bucaramanga,2011,Algo seguro,NA
Bucaramanga,2011,Algo seguro,NA
Bucaramanga,2011,Muy seguro,NA
Bucaramanga,2011,Seguro,NA
Bucaramanga,2011,Poco seguro,NA
Bucaramanga,2011,Algo seguro,NA
Bucaramanga,2011,Algo seguro,NA
Bucaramanga,2011,Algo seguro,NA
Bucaramanga,2011,Seguro,NA
Bucaramanga,2011,Seguro,NA
Bucaramanga,2011,Poco seguro,NA
Bucaramanga,2011,Muy seguro,NA
Bucaramanga,2011,Algo seguro,NA
Bucaramanga,2011,Seguro,NA
Bucaramanga,2011,Muy seguro,NA
Bucaramanga,2011,Seguro,NA
Bucaramanga,2011,Algo seguro,NA
Bucaramanga,2011,Muy seguro,NA
Bucaramanga,2011,Seguro,NA
Bucaramanga,2011,Algo seguro,NA
Bucaramanga,2011,Nada seguro,NA
Bucaramanga,2011,Seguro,NA
Bucaramanga,2011,Seguro,NA
Bucaramanga,2011,Algo seguro,NA
Bucaramanga,2011,Poco seguro,NA
Bucaramanga,2011,Seguro,NA
Bucaramanga,2011,Poco seguro,NA
Bucaramanga,2011,Seguro,NA
Bucaramanga,2011,Seguro,NA
Bucaramanga,2011,Poco seguro,NA
Bucaramanga,2011,Algo seguro,NA
Bucaramanga,2011,Seguro,NA
Bucaramanga,2011,Poco seguro,NA
Bucaramanga,2011,Algo seguro,NA
Bucaramanga,2011,Muy seguro,NA
Bucaramanga,2011,Algo seguro,NA
Bucaramanga,2011,Seguro,NA
Bucaramanga,2011,Seguro,NA
Bucaramanga,2011,Seguro,NA
Bucaramanga,2011,Algo seguro,NA
Bucaramanga,2011,Muy seguro,NA
Bucaramanga,2011,Poco seguro,NA
Bucaramanga,2011,Algo seguro,NA
Bucaramanga,2011,Muy seguro,NA
Bucaramanga,2011,Seguro,NA
Bucaramanga,2011,Poco seguro,NA
Bucaramanga,2011,Seguro,NA
Bucaramanga,2011,Algo seguro,NA
Bucaramanga,2011,Seguro,NA
Bucaramanga,2011,Algo seguro,NA
Bucaramanga,2011,Seguro,NA
Bucaramanga,2011,Seguro,NA
Bucaramanga,2011,Algo seguro,NA
Bucaramanga,2011,Muy seguro,NA
Bucaramanga,2011,Seguro,NA
Bucaramanga,2011,Seguro,NA
Bucaramanga,2011,Algo seguro,NA
Bucaramanga,2011,Algo seguro,NA
Bucaramanga,2011,Algo seguro,NA
Bucaramanga,2011,Algo seguro,NA
Bucaramanga,2011,Muy seguro,NA
Bucaramanga,2011,Seguro,NA
Bucaramanga,2011,Algo seguro,NA
Bucaramanga,2011,Muy seguro,NA
Bucaramanga,2011,Nada seguro,NA
Bucaramanga,2011,Muy seguro,NA
Bucaramanga,2011,Muy seguro,NA
Bucaramanga,2011,Seguro,NA
Bucaramanga,2011,Seguro,NA
Bucaramanga,2011,Algo seguro,NA
Bucaramanga,2011,Algo seguro,NA
Bucaramanga,2011,Muy seguro,NA
Bucaramanga,2011,Poco seguro,NA
Bucaramanga,2011,Seguro,NA
Bucaramanga,2011,Seguro,NA
Bucaramanga,2011,Algo seguro,NA
Bucaramanga,2011,Algo seguro,NA
Bucaramanga,2011,Muy seguro,NA
Bucaramanga,2011,Algo seguro,NA
Bucaramanga,2011,Seguro,NA
Bucaramanga,2011,Algo seguro,NA
Bucaramanga,2011,Algo seguro,NA
Bucaramanga,2011,Algo seguro,NA
Bucaramanga,2011,Algo seguro,NA
Bucaramanga,2011,Algo seguro,NA
Bucaramanga,2011,Algo seguro,NA
Bucaramanga,2011,Nada seguro,NA
Bucaramanga,2011,Algo seguro,NA
Bucaramanga,2011,Algo seguro,NA
Bucaramanga,2011,Poco seguro,NA
Bucaramanga,2011,Poco seguro,NA
Bucaramanga,2011,Algo seguro,NA
Bucaramanga,2011,Algo seguro,NA
Bucaramanga,2011,Algo seguro,NA
Bucaramanga,2011,Algo seguro,NA
Bucaramanga,2011,Seguro,NA
Bucaramanga,2011,Seguro,NA
Bucaramanga,2011,Seguro,NA
Bucaramanga,2011,Muy seguro,NA
Bucaramanga,2011,Seguro,NA
Bucaramanga,2011,Algo seguro,NA
Bucaramanga,2011,Poco seguro,NA
Bucaramanga,2011,Seguro,NA
Bucaramanga,2011,Seguro,NA
Bucaramanga,2011,Seguro,NA
Bucaramanga,2011,Algo seguro,NA
Bucaramanga,2011,Muy seguro,NA
Bucaramanga,2011,Nada seguro,NA
Bucaramanga,2011,Poco seguro,NA
Bucaramanga,2011,Seguro,NA
Bucaramanga,2011,Muy seguro,NA
Bucaramanga,2011,Poco seguro,NA
Bucaramanga,2011,Nada seguro,NA
Bucaramanga,2011,Muy seguro,NA
Bucaramanga,2011,Poco seguro,NA
Bucaramanga,2011,Muy seguro,NA
Bucaramanga,2011,Seguro,NA
Bucaramanga,2011,Algo seguro,NA
Bucaramanga,2011,Algo seguro,NA
Bucaramanga,2011,Seguro,NA
Bucaramanga,2011,Muy seguro,NA
Bucaramanga,2011,Algo seguro,NA
Bucaramanga,2011,Algo seguro,NA
Bucaramanga,2011,Seguro,NA
Bucaramanga,2011,Seguro,NA
Bucaramanga,2011,Algo seguro,NA
Bucaramanga,2011,Poco seguro,NA
Bucaramanga,2011,Algo seguro,NA
Bucaramanga,2011,Muy seguro,NA
Bucaramanga,2011,Seguro,NA
Bucaramanga,2011,Algo seguro,NA
Bucaramanga,2011,Muy seguro,NA
Bucaramanga,2011,Seguro,NA
Bucaramanga,2011,Algo seguro,NA
Bucaramanga,2011,Seguro,NA
Bucaramanga,2011,Nada seguro,NA
Bucaramanga,2011,Muy seguro,NA
Bucaramanga,2011,Muy seguro,NA
Bucaramanga,2011,Algo seguro,NA
Bucaramanga,2011,Seguro,NA
Bucaramanga,2011,Seguro,NA
Bucaramanga,2011,Muy seguro,NA
Bucaramanga,2011,Algo seguro,NA
Bucaramanga,2011,Algo seguro,NA
Bucaramanga,2011,Nada seguro,NA
Bucaramanga,2011,Poco seguro,NA
Bucaramanga,2011,Algo seguro,NA
Bucaramanga,2011,Seguro,NA
Bucaramanga,2011,Algo seguro,NA
Bucaramanga,2011,Seguro,NA
Bucaramanga,2011,Muy seguro,NA
Bucaramanga,2011,Seguro,NA
Bucaramanga,2011,Seguro,NA
Bucaramanga,2011,Nada seguro,NA
Bucaramanga,2011,Seguro,NA
Bucaramanga,2011,Algo seguro,NA
Bucaramanga,2011,Poco seguro,NA
Bucaramanga,2011,Algo seguro,NA
Bucaramanga,2011,Seguro,NA
Bucaramanga,2011,Seguro,NA
Bucaramanga,2011,Seguro,NA
Bucaramanga,2011,Muy seguro,NA
Bucaramanga,2011,Muy seguro,NA
Bucaramanga,2011,Muy seguro,NA
Bucaramanga,2011,Muy seguro,NA
Bucaramanga,2011,Seguro,NA
Bucaramanga,2011,Algo seguro,NA
Bucaramanga,2011,Algo seguro,NA
Bucaramanga,2011,Algo seguro,NA
Bucaramanga,2011,Algo seguro,NA
Bucaramanga,2011,Muy seguro,NA
Bucaramanga,2011,Nada seguro,NA
Bucaramanga,2011,Muy seguro,NA
Bucaramanga,2011,Seguro,NA
Bucaramanga,2011,Nada seguro,NA
Bucaramanga,2011,Algo seguro,NA
Bucaramanga,2011,Poco seguro,NA
Bucaramanga,2011,Muy seguro,NA
Bucaramanga,2011,Algo seguro,NA
Bucaramanga,2011,Algo seguro,NA
Bucaramanga,2011,Muy seguro,NA
Bucaramanga,2011,Seguro,NA
Bucaramanga,2011,Muy seguro,NA
Bucaramanga,2011,Algo seguro,NA
Bucaramanga,2011,Algo seguro,NA
Bucaramanga,2011,Algo seguro,NA
Bucaramanga,2011,Seguro,NA
Bucaramanga,2011,Algo seguro,NA
Bucaramanga,2011,Poco seguro,NA
Bucaramanga,2011,Poco seguro,NA
Bucaramanga,2011,Muy seguro,NA
Bucaramanga,2011,Poco seguro,NA
Bucaramanga,2011,Seguro,NA
Bucaramanga,2011,Algo seguro,NA
Bucaramanga,2011,Poco seguro,NA
Bucaramanga,2011,Algo seguro,NA
Bucaramanga,2011,Algo seguro,NA
Bucaramanga,2011,Seguro,NA
Bucaramanga,2011,Algo seguro,NA
Bucaramanga,2011,Seguro,NA
Bucaramanga,2011,Seguro,NA
Bucaramanga,2011,Poco seguro,NA
Bucaramanga,2011,Poco seguro,NA
Bucaramanga,2011,Poco seguro,NA
Bucaramanga,2011,Muy seguro,NA
Bucaramanga,2011,Algo seguro,NA
Bucaramanga,2011,Seguro,NA
Bucaramanga,2011,Poco seguro,NA
Bucaramanga,2011,Algo seguro,NA
Bucaramanga,2011,Muy seguro,NA
Bucaramanga,2011,Poco seguro,NA
Bucaramanga,2011,Algo seguro,NA
Bucaramanga,2011,Poco seguro,NA
Bucaramanga,2011,Seguro,NA
Bucaramanga,2011,Seguro,NA
Bucaramanga,2011,Seguro,NA
Bucaramanga,2011,Algo seguro,NA
Bucaramanga,2011,Poco seguro,NA
Bucaramanga,2011,Algo seguro,NA
Bucaramanga,2011,Muy seguro,NA
Bucaramanga,2011,Algo seguro,NA
Bucaramanga,2011,Poco seguro,NA
Bucaramanga,2011,Algo seguro,NA
Bucaramanga,2011,Algo seguro,NA
Bucaramanga,2011,Poco seguro,NA
Bucaramanga,2011,Muy seguro,NA
Bucaramanga,2011,Seguro,NA
Bucaramanga,2011,Algo seguro,NA
Bucaramanga,2011,Seguro,NA
Bucaramanga,2011,Seguro,NA
Bucaramanga,2011,Nada seguro,NA
Bucaramanga,2011,Muy seguro,NA
Bucaramanga,2011,Muy seguro,NA
Bucaramanga,2011,Seguro,NA
Bucaramanga,2011,Seguro,NA
Bucaramanga,2011,Muy seguro,NA
Bucaramanga,2011,Muy seguro,NA
Bucaramanga,2011,Poco seguro,NA
Bucaramanga,2011,Muy seguro,NA
Bucaramanga,2011,Algo seguro,NA
Bucaramanga,2011,Nada seguro,NA
Bucaramanga,2011,Algo seguro,NA
Bucaramanga,2011,Seguro,NA
Bucaramanga,2011,Algo seguro,NA
Bucaramanga,2011,Seguro,NA
Bucaramanga,2011,Seguro,NA
Bucaramanga,2011,Algo seguro,NA
Bucaramanga,2011,Muy seguro,NA
Bucaramanga,2011,Algo seguro,NA
Bucaramanga,2011,Seguro,NA
Bucaramanga,2011,Nada seguro,NA
Bucaramanga,2011,Nada seguro,NA
Bucaramanga,2011,Algo seguro,NA
Bucaramanga,2011,Seguro,NA
Bucaramanga,2011,Seguro,NA
Bucaramanga,2011,Muy seguro,NA
Bucaramanga,2011,Algo seguro,NA
Bucaramanga,2011,Algo seguro,NA
Bucaramanga,2011,Seguro,NA
Bucaramanga,2011,Muy seguro,NA
Bucaramanga,2011,Muy seguro,NA
Bucaramanga,2011,Algo seguro,NA
Bucaramanga,2011,Algo seguro,NA
Bucaramanga,2011,Seguro,NA
Bucaramanga,2011,Nada seguro,NA
Bucaramanga,2011,Algo seguro,NA
Bucaramanga,2011,Seguro,NA
Bucaramanga,2011,Seguro,NA
Bucaramanga,2011,Seguro,NA
Bucaramanga,2011,Seguro,NA
Bucaramanga,2011,Algo seguro,NA
Bucaramanga,2011,Nada seguro,NA
Bucaramanga,2011,Algo seguro,NA
Bucaramanga,2011,Poco seguro,NA
Bucaramanga,2011,Algo seguro,NA
Bucaramanga,2011,Algo seguro,NA
Bucaramanga,2011,Algo seguro,NA
Bucaramanga,2011,Algo seguro,NA
Bucaramanga,2011,Seguro,NA
Bucaramanga,2011,Algo seguro,NA
Bucaramanga,2011,Nada seguro,NA
Bucaramanga,2011,Seguro,NA
Bucaramanga,2011,Poco seguro,NA
Bucaramanga,2011,Poco seguro,NA
Bucaramanga,2011,Seguro,NA
Bucaramanga,2011,Algo seguro,NA
Bucaramanga,2011,Poco seguro,NA
Bucaramanga,2011,Poco seguro,NA
Bucaramanga,2011,Algo seguro,NA
Bucaramanga,2011,Algo seguro,NA
Bucaramanga,2011,Poco seguro,NA
Bucaramanga,2011,Seguro,NA
Bucaramanga,2011,Poco seguro,NA
Bucaramanga,2011,Nada seguro,NA
Bucaramanga,2011,Poco seguro,NA
Bucaramanga,2011,Muy seguro,NA
Bucaramanga,2011,Seguro,NA
Bucaramanga,2011,Poco seguro,NA
Bucaramanga,2011,Poco seguro,NA
Bucaramanga,2011,Algo seguro,NA
Bucaramanga,2011,Algo seguro,NA
Bucaramanga,2011,Poco seguro,NA
Bucaramanga,2011,Muy seguro,NA
Bucaramanga,2011,Algo seguro,NA
Bucaramanga,2011,Algo seguro,NA
Bucaramanga,2011,Algo seguro,NA
Bucaramanga,2011,Poco seguro,NA
Bucaramanga,2011,Algo seguro,NA
Bucaramanga,2011,Muy seguro,NA
Bucaramanga,2011,Muy seguro,NA
Bucaramanga,2011,Algo seguro,NA
Bucaramanga,2011,Algo seguro,NA
Bucaramanga,2011,Algo seguro,NA
Bucaramanga,2011,Algo seguro,NA
Bucaramanga,2011,Seguro,NA
Bucaramanga,2011,Poco seguro,NA
Bucaramanga,2011,Nada seguro,NA
Bucaramanga,2011,Nada seguro,NA
Bucaramanga,2011,Nada seguro,NA
Bucaramanga,2011,Poco seguro,NA
Bucaramanga,2011,Muy seguro,NA
Bucaramanga,2011,Poco seguro,NA
Bucaramanga,2011,Seguro,NA
Bucaramanga,2011,Nada seguro,NA
Bucaramanga,2011,Poco seguro,NA
Bucaramanga,2011,Algo seguro,NA
Bucaramanga,2011,Poco seguro,NA
Bucaramanga,2011,Muy seguro,NA
Bucaramanga,2011,Poco seguro,NA
Bucaramanga,2011,Algo seguro,NA
Bucaramanga,2011,Algo seguro,NA
Bucaramanga,2011,Poco seguro,NA
Bucaramanga,2011,Algo seguro,NA
Bucaramanga,2011,Algo seguro,NA
Bucaramanga,2011,Seguro,NA
Bucaramanga,2011,Seguro,NA
Bucaramanga,2011,Muy seguro,NA
Bucaramanga,2011,Seguro,NA
Bucaramanga,2011,Poco seguro,NA
Bucaramanga,2011,Algo seguro,NA
Bucaramanga,2011,Algo seguro,NA
Bucaramanga,2011,Muy seguro,NA
Bucaramanga,2011,Poco seguro,NA
Bucaramanga,2011,Seguro,NA
Bucaramanga,2011,Nada seguro,NA
Bucaramanga,2011,Algo seguro,NA
Bucaramanga,2011,Seguro,NA
Bucaramanga,2011,Seguro,NA
Bucaramanga,2011,Seguro,NA
Bucaramanga,2011,Seguro,NA
Bucaramanga,2011,Algo seguro,NA
Bucaramanga,2011,Seguro,NA
Bucaramanga,2011,Algo seguro,NA
Bucaramanga,2011,Muy seguro,NA
Bucaramanga,2011,Poco seguro,NA
Bucaramanga,2011,Algo seguro,NA
Bucaramanga,2011,Poco seguro,NA
Bucaramanga,2011,Muy seguro,NA
Bucaramanga,2011,Algo seguro,NA
Bucaramanga,2011,Poco seguro,NA
Bucaramanga,2011,Poco seguro,NA
Bucaramanga,2011,Seguro,NA
Bucaramanga,2011,Muy seguro,NA
Bucaramanga,2011,Algo seguro,NA
Bucaramanga,2011,Poco seguro,NA
Bucaramanga,2011,Algo seguro,NA
Bucaramanga,2011,Algo seguro,NA
Bucaramanga,2011,Algo seguro,NA
Bucaramanga,2011,Seguro,NA
Bucaramanga,2011,Seguro,NA
Bucaramanga,2011,Muy seguro,NA
Bucaramanga,2011,Seguro,NA
Bucaramanga,2011,Muy seguro,NA
Bucaramanga,2011,Seguro,NA
Bucaramanga,2011,Seguro,NA
Bucaramanga,2011,Seguro,NA
Bucaramanga,2011,Seguro,NA
Bucaramanga,2011,Algo seguro,NA
Bucaramanga,2011,Seguro,NA
Bucaramanga,2011,Algo seguro,NA
Bucaramanga,2011,Algo seguro,NA
Bucaramanga,2011,Algo seguro,NA
Bucaramanga,2011,Muy seguro,NA
Bucaramanga,2011,Poco seguro,NA
Bucaramanga,2011,Nada seguro,NA
Bucaramanga,2011,Seguro,NA
Bucaramanga,2011,Muy seguro,NA
Bucaramanga,2011,Nada seguro,NA
Bucaramanga,2011,Poco seguro,NA
Bucaramanga,2011,Nada seguro,NA
Bucaramanga,2011,Nada seguro,NA
Bucaramanga,2011,Muy seguro,NA
Bucaramanga,2011,Poco seguro,NA
Bucaramanga,2011,Nada seguro,NA
Bucaramanga,2011,Poco seguro,NA
Bucaramanga,2011,Algo seguro,NA
Bucaramanga,2011,Poco seguro,NA
Bucaramanga,2011,Seguro,NA
Bucaramanga,2011,Algo seguro,NA
Bucaramanga,2011,Poco seguro,NA
Bucaramanga,2011,Nada seguro,NA
Bucaramanga,2011,Seguro,NA
Bucaramanga,2011,Seguro,NA
Bucaramanga,2011,Seguro,NA
Bucaramanga,2011,Seguro,NA
Bucaramanga,2011,Seguro,NA
Bucaramanga,2011,Seguro,NA
Bucaramanga,2011,Poco seguro,NA
Bucaramanga,2011,Algo seguro,NA
Bucaramanga,2011,Seguro,NA
Bucaramanga,2011,Algo seguro,NA
Bucaramanga,2011,Algo seguro,NA
Bucaramanga,2011,Nada seguro,NA
Bucaramanga,2011,Nada seguro,NA
Bucaramanga,2011,Nada seguro,NA
Bucaramanga,2011,Algo seguro,NA
Bucaramanga,2011,Algo seguro,NA
Bucaramanga,2011,Algo seguro,NA
Bucaramanga,2011,Muy seguro,NA
Bucaramanga,2011,Algo seguro,NA
Bucaramanga,2011,Muy seguro,NA
Bucaramanga,2011,Algo seguro,NA
Bucaramanga,2011,Algo seguro,NA
Bucaramanga,2011,Seguro,NA
Bucaramanga,2011,Seguro,NA
Bucaramanga,2011,Algo seguro,NA
Bucaramanga,2011,Algo seguro,NA
Bucaramanga,2011,Algo seguro,NA
Bucaramanga,2011,Seguro,NA
Bucaramanga,2011,Muy seguro,NA
Bucaramanga,2011,Seguro,NA
Bucaramanga,2011,Algo seguro,NA
Bucaramanga,2011,Poco seguro,NA
Bucaramanga,2011,Algo seguro,NA
Bucaramanga,2011,Algo seguro,NA
Bucaramanga,2011,Algo seguro,NA
Bucaramanga,2011,Muy seguro,NA
Bucaramanga,2011,Poco seguro,NA
Bucaramanga,2011,Algo seguro,NA
Bucaramanga,2011,Algo seguro,NA
Bucaramanga,2011,Nada seguro,NA
Bucaramanga,2011,Poco seguro,NA
Bucaramanga,2011,Seguro,NA
Bucaramanga,2011,Algo seguro,NA
Bucaramanga,2011,Seguro,NA
Bucaramanga,2011,Nada seguro,NA
Bucaramanga,2011,Seguro,NA
Bucaramanga,2011,Seguro,NA
Bucaramanga,2011,Muy seguro,NA
Bucaramanga,2011,Seguro,NA
Bucaramanga,2011,Poco seguro,NA
Bucaramanga,2011,Seguro,NA
Bucaramanga,2011,Seguro,NA
Bucaramanga,2011,Seguro,NA
Bucaramanga,2011,Algo seguro,NA
Bucaramanga,2011,Nada seguro,NA
Bucaramanga,2011,Nada seguro,NA
Bucaramanga,2011,Nada seguro,NA
Bucaramanga,2011,Poco seguro,NA
Bucaramanga,2011,Muy seguro,NA
Bucaramanga,2011,Muy seguro,NA
Bucaramanga,2011,Seguro,NA
Bucaramanga,2011,Muy seguro,NA
Bucaramanga,2011,Algo seguro,NA
Bucaramanga,2011,Seguro,NA
Bucaramanga,2011,Algo seguro,NA
Bucaramanga,2011,Muy seguro,NA
Bucaramanga,2011,Muy seguro,NA
Bucaramanga,2011,Seguro,NA
Bucaramanga,2011,Algo seguro,NA
Bucaramanga,2011,Poco seguro,NA
Bucaramanga,2011,Algo seguro,NA
Bucaramanga,2011,Algo seguro,NA
Bucaramanga,2011,Algo seguro,NA
Bucaramanga,2011,Muy seguro,NA
Bucaramanga,2011,Muy seguro,NA
Bucaramanga,2011,Poco seguro,NA
Bucaramanga,2011,Seguro,NA
Bucaramanga,2011,Muy seguro,NA
Bucaramanga,2011,Seguro,NA
Bucaramanga,2011,Algo seguro,NA
Bucaramanga,2011,Seguro,NA
Bucaramanga,2011,Muy seguro,NA
Bucaramanga,2011,Poco seguro,NA
Bucaramanga,2011,Muy seguro,NA
Bucaramanga,2011,Algo seguro,NA
Bucaramanga,2011,Algo seguro,NA
Bucaramanga,2011,Nada seguro,NA
Bucaramanga,2011,Algo seguro,NA
Bucaramanga,2011,Algo seguro,NA
Bucaramanga,2011,Algo seguro,NA
Bucaramanga,2011,Poco seguro,NA
Bucaramanga,2011,Poco seguro,NA
Bucaramanga,2011,Algo seguro,NA
Bucaramanga,2011,Muy seguro,NA
Bucaramanga,2011,Muy seguro,NA
Bucaramanga,2011,Seguro,NA
Bucaramanga,2011,Algo seguro,NA
Bucaramanga,2011,Muy seguro,NA
Bucaramanga,2011,Seguro,NA
Bucaramanga,2011,Algo seguro,NA
Bucaramanga,2011,Muy seguro,NA
Bucaramanga,2011,Seguro,NA
Bucaramanga,2011,Algo seguro,NA
Bucaramanga,2011,Seguro,NA
Bucaramanga,2011,Poco seguro,NA
Bucaramanga,2011,Muy seguro,NA
Bucaramanga,2011,Algo seguro,NA
Bucaramanga,2011,Seguro,NA
Bucaramanga,2011,Seguro,NA
Bucaramanga,2011,Seguro,NA
Bucaramanga,2011,Algo seguro,NA
Bucaramanga,2011,Algo seguro,NA
Bucaramanga,2011,Muy seguro,NA
Bucaramanga,2011,Seguro,NA
Bucaramanga,2011,Algo seguro,NA
Bucaramanga,2011,Algo seguro,NA
Bucaramanga,2011,Seguro,NA
Bucaramanga,2011,Algo seguro,NA
Bucaramanga,2011,Poco seguro,NA
Bucaramanga,2011,Poco seguro,NA
Bucaramanga,2011,Poco seguro,NA
Bucaramanga,2011,Seguro,NA
Bucaramanga,2011,Algo seguro,NA
Bucaramanga,2011,Algo seguro,NA
Bucaramanga,2011,Seguro,NA
Bucaramanga,2011,Seguro,NA
Bucaramanga,2011,Algo seguro,NA
Bucaramanga,2011,Algo seguro,NA
Bucaramanga,2011,Muy seguro,NA
Bucaramanga,2011,Algo seguro,NA
Bucaramanga,2011,Poco seguro,NA
Bucaramanga,2011,Muy seguro,NA
Bucaramanga,2011,Muy seguro,NA
Bucaramanga,2011,Algo seguro,NA
Bucaramanga,2011,Seguro,NA
Bucaramanga,2011,Algo seguro,NA
Bucaramanga,2011,Algo seguro,NA
Bucaramanga,2011,Poco seguro,NA
Bucaramanga,2011,Nada seguro,NA
Bucaramanga,2011,Poco seguro,NA
Bucaramanga,2011,Seguro,NA
Bucaramanga,2011,Nada seguro,NA
Bucaramanga,2011,Algo seguro,NA
Bucaramanga,2011,Poco seguro,NA
Bucaramanga,2011,Algo seguro,NA
Bucaramanga,2011,Poco seguro,NA
Bucaramanga,2011,Poco seguro,NA
Bucaramanga,2011,Nada seguro,NA
Bucaramanga,2011,Seguro,NA
Bucaramanga,2011,Algo seguro,NA
Bucaramanga,2011,Seguro,NA
Bucaramanga,2011,Poco seguro,NA
Bucaramanga,2011,Poco seguro,NA
Bucaramanga,2011,Seguro,NA
Bucaramanga,2011,Algo seguro,NA
Bucaramanga,2011,Seguro,NA
Bucaramanga,2011,Algo seguro,NA
Bucaramanga,2011,Seguro,NA
Bucaramanga,2011,Muy seguro,NA
Bucaramanga,2011,Muy seguro,NA
Bucaramanga,2011,Algo seguro,NA
Bucaramanga,2011,Algo seguro,NA
Bucaramanga,2011,Algo seguro,NA
Bucaramanga,2011,Seguro,NA
Bucaramanga,2011,Seguro,NA
Bucaramanga,2011,Seguro,NA
Bucaramanga,2011,Seguro,NA
Bucaramanga,2011,Seguro,NA
Bucaramanga,2011,Algo seguro,NA
Bucaramanga,2011,Seguro,NA
Bucaramanga,2011,Muy seguro,NA
Bucaramanga,2011,Algo seguro,NA
Bucaramanga,2011,Poco seguro,NA
Bucaramanga,2011,Nada seguro,NA
Bucaramanga,2011,Seguro,NA
Bucaramanga,2011,Seguro,NA
Bucaramanga,2011,Algo seguro,NA
Bucaramanga,2011,Muy seguro,NA
Bucaramanga,2011,Seguro,NA
Bucaramanga,2011,Seguro,NA
Bucaramanga,2011,Seguro,NA
Bucaramanga,2011,Muy seguro,NA
Bucaramanga,2011,Algo seguro,NA
Bucaramanga,2011,Seguro,NA
Bucaramanga,2011,Seguro,NA
Bucaramanga,2011,Muy seguro,NA
Bucaramanga,2011,Seguro,NA
Bucaramanga,2011,Algo seguro,NA
Bucaramanga,2011,Algo seguro,NA
Bucaramanga,2011,Seguro,NA
Bucaramanga,2011,Algo seguro,NA
Bucaramanga,2011,Poco seguro,NA
Bucaramanga,2011,Seguro,NA
Bucaramanga,2011,Seguro,NA
Bucaramanga,2011,Poco seguro,NA
Bucaramanga,2011,Algo seguro,NA
Bucaramanga,2011,Nada seguro,NA
Bucaramanga,2011,Algo seguro,NA
Bucaramanga,2011,Nada seguro,NA
Bucaramanga,2011,Algo seguro,NA
Bucaramanga,2011,Seguro,NA
Bucaramanga,2011,Algo seguro,NA
Bucaramanga,2011,Nada seguro,NA
Bucaramanga,2011,Muy seguro,NA
Bucaramanga,2011,Seguro,NA
Bucaramanga,2011,Algo seguro,NA
Bucaramanga,2011,Algo seguro,NA
Bucaramanga,2011,Seguro,NA
Bucaramanga,2011,Algo seguro,NA
Bucaramanga,2011,Nada seguro,NA
Bucaramanga,2011,Algo seguro,NA
Bucaramanga,2011,Seguro,NA
Bucaramanga,2011,Poco seguro,NA
Bucaramanga,2011,Algo seguro,NA
Bucaramanga,2011,Algo seguro,NA
Bucaramanga,2011,Seguro,NA
Bucaramanga,2011,Algo seguro,NA
Bucaramanga,2011,Muy seguro,NA
Bucaramanga,2011,Seguro,NA
Bucaramanga,2011,Seguro,NA
Bucaramanga,2011,Seguro,NA
Bucaramanga,2011,Algo seguro,NA
Bucaramanga,2011,Poco seguro,NA
Bucaramanga,2011,Algo seguro,NA
Bucaramanga,2011,Muy seguro,NA
Bucaramanga,2011,Algo seguro,NA
Bucaramanga,2011,Seguro,NA
Bucaramanga,2011,Muy seguro,NA
Bucaramanga,2011,Nada seguro,NA
Bucaramanga,2011,Algo seguro,NA
Bucaramanga,2011,Seguro,NA
Bucaramanga,2011,Muy seguro,NA
Bucaramanga,2011,Muy seguro,NA
Bucaramanga,2011,Algo seguro,NA
Bucaramanga,2011,Muy seguro,NA
Bucaramanga,2011,Poco seguro,NA
Bucaramanga,2011,Muy seguro,NA
Bucaramanga,2011,Algo seguro,NA
Bucaramanga,2011,Muy seguro,NA
Bucaramanga,2011,Algo seguro,NA
Bucaramanga,2011,Poco seguro,NA
Bucaramanga,2011,Algo seguro,NA
Bucaramanga,2011,Nada seguro,NA
Bucaramanga,2011,Seguro,NA
Bucaramanga,2011,Poco seguro,NA
Bucaramanga,2011,Nada seguro,NA
Bucaramanga,2011,Muy seguro,NA
Bucaramanga,2011,Seguro,NA
Bucaramanga,2011,Algo seguro,NA
Bucaramanga,2011,Muy seguro,NA
Bucaramanga,2011,Seguro,NA
Bucaramanga,2011,Algo seguro,NA
Bucaramanga,2011,Algo seguro,NA
Bucaramanga,2011,Poco seguro,NA
Bucaramanga,2011,Muy seguro,NA
Bucaramanga,2011,Muy seguro,NA
Bucaramanga,2011,Nada seguro,NA
Bucaramanga,2011,Seguro,NA
Bucaramanga,2011,Algo seguro,NA
Bucaramanga,2011,Muy seguro,NA
Bucaramanga,2011,Poco seguro,NA
Bucaramanga,2011,Muy seguro,NA
Bucaramanga,2011,Seguro,NA
Bucaramanga,2011,Seguro,NA
Bucaramanga,2011,Poco seguro,NA
Bucaramanga,2011,Algo seguro,NA
Bucaramanga,2011,Muy seguro,NA
Bucaramanga,2011,Nada seguro,NA
Bucaramanga,2011,Poco seguro,NA
Bucaramanga,2011,Algo seguro,NA
Bucaramanga,2011,Algo seguro,NA
Bucaramanga,2011,Algo seguro,NA
Bucaramanga,2011,Seguro,NA
Bucaramanga,2011,Poco seguro,NA
Bucaramanga,2011,Seguro,NA
Bucaramanga,2011,Algo seguro,NA
Bucaramanga,2011,Muy seguro,NA
Bucaramanga,2011,Muy seguro,NA
Bucaramanga,2011,Seguro,NA
Bucaramanga,2011,Seguro,NA
Bucaramanga,2011,Seguro,NA
Bucaramanga,2011,Poco seguro,NA
Bucaramanga,2011,Algo seguro,NA
Bucaramanga,2011,Seguro,NA
Bucaramanga,2011,Seguro,NA
Bucaramanga,2011,Algo seguro,NA
Bucaramanga,2011,Seguro,NA
Bucaramanga,2011,Poco seguro,NA
Bucaramanga,2011,Poco seguro,NA
Bucaramanga,2011,Seguro,NA
Bucaramanga,2011,Algo seguro,NA
Bucaramanga,2011,Seguro,NA
Bucaramanga,2011,Muy seguro,NA
Bucaramanga,2011,Seguro,NA
Bucaramanga,2011,Nada seguro,NA
Bucaramanga,2011,Poco seguro,NA
Bucaramanga,2011,Muy seguro,NA
Bucaramanga,2011,Algo seguro,NA
Bucaramanga,2011,Poco seguro,NA
Bucaramanga,2011,Seguro,NA
Bucaramanga,2011,Algo seguro,NA
Bucaramanga,2011,Algo seguro,NA
Bucaramanga,2011,Algo seguro,NA
Bucaramanga,2011,Poco seguro,NA
Bucaramanga,2011,Algo seguro,NA
Bucaramanga,2011,Algo seguro,NA
Bucaramanga,2011,Algo seguro,NA
Bucaramanga,2011,Seguro,NA
Bucaramanga,2011,Muy seguro,NA
Bucaramanga,2011,Algo seguro,NA
Bucaramanga,2011,Seguro,NA
Bucaramanga,2011,Seguro,NA
Bucaramanga,2011,Seguro,NA
Bucaramanga,2011,Seguro,NA
Bucaramanga,2011,Poco seguro,NA
Bucaramanga,2011,Algo seguro,NA
Bucaramanga,2011,Seguro,NA
Bucaramanga,2011,Algo seguro,NA
Bucaramanga,2011,Poco seguro,NA
Bucaramanga,2011,Muy seguro,NA
Bucaramanga,2011,Algo seguro,NA
Bucaramanga,2011,Seguro,NA
Bucaramanga,2011,Algo seguro,NA
Bucaramanga,2011,Algo seguro,NA
Bucaramanga,2011,Seguro,NA
Bucaramanga,2011,Nada seguro,NA
Bucaramanga,2011,Algo seguro,NA
Bucaramanga,2011,Seguro,NA
Bucaramanga,2011,Algo seguro,NA
Bucaramanga,2011,Algo seguro,NA
Bucaramanga,2011,Algo seguro,NA
Bucaramanga,2011,Algo seguro,NA
Bucaramanga,2011,Poco seguro,NA
Bucaramanga,2011,Algo seguro,NA
Bucaramanga,2011,Algo seguro,NA
Bucaramanga,2011,Seguro,NA
Bucaramanga,2011,Poco seguro,NA
Bucaramanga,2011,Algo seguro,NA
Bucaramanga,2011,Poco seguro,NA
Bucaramanga,2011,Algo seguro,NA
Bucaramanga,2011,Poco seguro,NA
Bucaramanga,2011,Seguro,NA
Bucaramanga,2011,Algo seguro,NA
Bucaramanga,2011,Seguro,NA
Bucaramanga,2011,Algo seguro,NA
Bucaramanga,2011,Algo seguro,NA
Bucaramanga,2011,Algo seguro,NA
Bucaramanga,2011,Algo seguro,NA
Bucaramanga,2011,Algo seguro,NA
Bucaramanga,2011,Algo seguro,NA
Bucaramanga,2011,Algo seguro,NA
Bucaramanga,2011,Muy seguro,NA
Bucaramanga,2011,Algo seguro,NA
Bucaramanga,2011,Poco seguro,NA
Bucaramanga,2011,Muy seguro,NA
Bucaramanga,2011,Nada seguro,NA
Bucaramanga,2011,Nada seguro,NA
Bucaramanga,2011,Seguro,NA
Bucaramanga,2011,Algo seguro,NA
Bucaramanga,2011,Algo seguro,NA
Bucaramanga,2011,Nada seguro,NA
Bucaramanga,2011,Algo seguro,NA
Bucaramanga,2011,Muy seguro,NA
Bucaramanga,2011,Muy seguro,NA
Bucaramanga,2011,Nada seguro,NA
Bucaramanga,2011,Muy seguro,NA
Bucaramanga,2011,Muy seguro,NA
Bucaramanga,2011,Algo seguro,NA
Bucaramanga,2011,Poco seguro,NA
Bucaramanga,2011,Nada seguro,NA
Bucaramanga,2011,Muy seguro,NA
Bucaramanga,2011,Nada seguro,NA
Bucaramanga,2011,Poco seguro,NA
Bucaramanga,2011,Nada seguro,NA
Bucaramanga,2011,Poco seguro,NA
Bucaramanga,2011,Poco seguro,NA
Bucaramanga,2011,Muy seguro,NA
Bucaramanga,2011,Poco seguro,NA
Bucaramanga,2011,Algo seguro,NA
Bucaramanga,2011,Algo seguro,NA
Bucaramanga,2011,Algo seguro,NA
Bucaramanga,2011,Poco seguro,NA
Bucaramanga,2011,Poco seguro,NA
Bucaramanga,2011,Algo seguro,NA
Bucaramanga,2011,Algo seguro,NA
Bucaramanga,2011,Poco seguro,NA
Bucaramanga,2011,Algo seguro,NA
Bucaramanga,2011,Algo seguro,NA
Bucaramanga,2011,Algo seguro,NA
Bucaramanga,2011,Seguro,NA
Bucaramanga,2011,Algo seguro,NA
Bucaramanga,2011,Muy seguro,NA
Bucaramanga,2011,Seguro,NA
Bucaramanga,2011,Muy seguro,NA
Bucaramanga,2011,Seguro,NA
Bucaramanga,2011,Nada seguro,NA
Bucaramanga,2011,Poco seguro,NA
Bucaramanga,2011,Seguro,NA
Bucaramanga,2011,Algo seguro,NA
Bucaramanga,2011,Seguro,NA
Bucaramanga,2011,Muy seguro,NA
Bucaramanga,2011,Algo seguro,NA
Bucaramanga,2011,Algo seguro,NA
Bucaramanga,2011,Nada seguro,NA
Bucaramanga,2011,Algo seguro,NA
Bucaramanga,2011,Algo seguro,NA
Bucaramanga,2011,Seguro,NA
Bucaramanga,2011,Algo seguro,NA
Bucaramanga,2011,Algo seguro,NA
Bucaramanga,2011,Muy seguro,NA
Bucaramanga,2011,Nada seguro,NA
Bucaramanga,2011,Algo seguro,NA
Bucaramanga,2011,Muy seguro,NA
Bucaramanga,2011,Poco seguro,NA
Bucaramanga,2011,Seguro,NA
Bucaramanga,2011,Algo seguro,NA
Bucaramanga,2011,Muy seguro,NA
Bucaramanga,2011,Algo seguro,NA
Bucaramanga,2011,Algo seguro,NA
Bucaramanga,2011,Seguro,NA
Bucaramanga,2011,Poco seguro,NA
Bucaramanga,2011,Nada seguro,NA
Bucaramanga,2011,Poco seguro,NA
Bucaramanga,2011,Poco seguro,NA
Bucaramanga,2011,Poco seguro,NA
Bucaramanga,2011,Algo seguro,NA
Bucaramanga,2011,Poco seguro,NA
Bucaramanga,2011,Algo seguro,NA
Bucaramanga,2011,Algo seguro,NA
Bucaramanga,2011,Poco seguro,NA
Bucaramanga,2011,Seguro,NA
Bucaramanga,2011,Seguro,NA
Bucaramanga,2011,Nada seguro,NA
Bucaramanga,2011,Seguro,NA
Bucaramanga,2011,Algo seguro,NA
Bucaramanga,2011,Muy seguro,NA
Bucaramanga,2011,Seguro,NA
Bucaramanga,2011,Algo seguro,NA
Bucaramanga,2011,Seguro,NA
Bucaramanga,2011,Poco seguro,NA
Bucaramanga,2011,Nada seguro,NA
Bucaramanga,2011,Algo seguro,NA
Bucaramanga,2011,Muy seguro,NA
Bucaramanga,2011,Seguro,NA
Bucaramanga,2011,Algo seguro,NA
Bucaramanga,2011,Seguro,NA
Bucaramanga,2011,Nada seguro,NA
Bucaramanga,2011,Algo seguro,NA
Bucaramanga,2011,Nada seguro,NA
Bucaramanga,2011,Seguro,NA
Bucaramanga,2011,Algo seguro,NA
Bucaramanga,2011,Seguro,NA
Bucaramanga,2011,Poco seguro,NA
Bucaramanga,2011,Algo seguro,NA
Bucaramanga,2011,Poco seguro,NA
Bucaramanga,2011,Algo seguro,NA
Bucaramanga,2011,Nada seguro,NA
Bucaramanga,2011,Algo seguro,NA
Bucaramanga,2011,Algo seguro,NA
Bucaramanga,2011,Poco seguro,NA
Bucaramanga,2011,Algo seguro,NA
Bucaramanga,2011,Algo seguro,NA
Bucaramanga,2011,Algo seguro,NA
Bucaramanga,2011,Poco seguro,NA
Bucaramanga,2011,Poco seguro,NA
Bucaramanga,2011,Poco seguro,NA
Bucaramanga,2011,Nada seguro,NA
Bucaramanga,2011,Poco seguro,NA
Bucaramanga,2011,Poco seguro,NA
Bucaramanga,2011,Poco seguro,NA
Bucaramanga,2011,Algo seguro,NA
Bucaramanga,2011,Algo seguro,NA
Bucaramanga,2011,Muy seguro,NA
Bucaramanga,2011,Seguro,NA
Bucaramanga,2011,Muy seguro,NA
Bucaramanga,2011,Algo seguro,NA
Bucaramanga,2011,Muy seguro,NA
Bucaramanga,2011,Seguro,NA
Bucaramanga,2011,Poco seguro,NA
Bucaramanga,2011,Poco seguro,NA
Bucaramanga,2011,Muy seguro,NA
Bucaramanga,2011,Algo seguro,NA
Bucaramanga,2011,Poco seguro,NA
Bucaramanga,2011,Algo seguro,NA
Bucaramanga,2011,Seguro,NA
Bucaramanga,2011,Algo seguro,NA
Bucaramanga,2011,Algo seguro,NA
Bucaramanga,2011,Algo seguro,NA
Bucaramanga,2011,Seguro,NA
Bucaramanga,2011,Poco seguro,NA
Bucaramanga,2011,Seguro,NA
Bucaramanga,2011,Algo seguro,NA
Bucaramanga,2011,Nada seguro,NA
Bucaramanga,2011,Nada seguro,NA
Bucaramanga,2011,Muy seguro,NA
Bucaramanga,2011,Algo seguro,NA
Bucaramanga,2011,Seguro,NA
Bucaramanga,2011,Poco seguro,NA
Bucaramanga,2011,Poco seguro,NA
Bucaramanga,2011,Seguro,NA
Bucaramanga,2011,Seguro,NA
Bucaramanga,2011,Muy seguro,NA
Bucaramanga,2011,Muy seguro,NA
Bucaramanga,2011,Seguro,NA
Bucaramanga,2011,Seguro,NA
Bucaramanga,2011,Seguro,NA
Bucaramanga,2011,Poco seguro,NA
Bucaramanga,2011,Muy seguro,NA
Bucaramanga,2011,Algo seguro,NA
Bucaramanga,2011,Algo seguro,NA
Bucaramanga,2011,Poco seguro,NA
Bucaramanga,2011,Algo seguro,NA
Bucaramanga,2011,Algo seguro,NA
Bucaramanga,2011,Seguro,NA
Bucaramanga,2011,Muy seguro,NA
Bucaramanga,2011,Seguro,NA
Bucaramanga,2011,Seguro,NA
Bucaramanga,2011,Seguro,NA
Bucaramanga,2011,Seguro,NA
Bucaramanga,2011,Nada seguro,NA
Bucaramanga,2011,Seguro,NA
Bucaramanga,2011,Muy seguro,NA
Bucaramanga,2011,Seguro,NA
Bucaramanga,2011,Seguro,NA
Bucaramanga,2011,Seguro,NA
Bucaramanga,2011,Seguro,NA
Bucaramanga,2011,Algo seguro,NA
Bucaramanga,2011,Muy seguro,NA
Bucaramanga,2011,Poco seguro,NA
Bucaramanga,2011,Seguro,NA
Bucaramanga,2011,Algo seguro,NA
Bucaramanga,2011,Seguro,NA
Bucaramanga,2011,Muy seguro,NA
Bucaramanga,2011,Muy seguro,NA
Bucaramanga,2011,Algo seguro,NA
Bucaramanga,2011,Muy seguro,NA
Bucaramanga,2011,Algo seguro,NA
Bucaramanga,2011,Algo seguro,NA
Bucaramanga,2011,Seguro,NA
Bucaramanga,2011,Seguro,NA
Bucaramanga,2011,Seguro,NA
Bucaramanga,2011,Seguro,NA
Bucaramanga,2011,Algo seguro,NA
Bucaramanga,2011,Seguro,NA
Bucaramanga,2011,Seguro,NA
Bucaramanga,2011,Algo seguro,NA
Bucaramanga,2011,Poco seguro,NA
Bucaramanga,2011,Algo seguro,NA
Bucaramanga,2011,Seguro,NA
Bucaramanga,2011,Muy seguro,NA
Bucaramanga,2011,Muy seguro,NA
Bucaramanga,2011,Muy seguro,NA
Bucaramanga,2011,Muy seguro,NA
Bucaramanga,2011,Algo seguro,NA
Bucaramanga,2011,Algo seguro,NA
Bucaramanga,2011,Nada seguro,NA
Bucaramanga,2011,Seguro,NA
Bucaramanga,2011,Seguro,NA
Bucaramanga,2011,Seguro,NA
Bucaramanga,2011,Muy seguro,NA
Bucaramanga,2011,Seguro,NA
Bucaramanga,2011,Nada seguro,NA
Bucaramanga,2011,Poco seguro,NA
Bucaramanga,2011,Seguro,NA
Bucaramanga,2011,Nada seguro,NA
Bucaramanga,2011,Algo seguro,NA
Bucaramanga,2011,Poco seguro,NA
Bucaramanga,2011,Algo seguro,NA
Bucaramanga,2011,Algo seguro,NA
Bucaramanga,2011,Algo seguro,NA
Bucaramanga,2011,Seguro,NA
Bucaramanga,2011,Seguro,NA
Bucaramanga,2011,Poco seguro,NA
Bucaramanga,2011,Algo seguro,NA
Bucaramanga,2011,Algo seguro,NA
Bucaramanga,2011,Muy seguro,NA
Bucaramanga,2011,Poco seguro,NA
Bucaramanga,2011,Poco seguro,NA
Bucaramanga,2011,Muy seguro,NA
Bucaramanga,2011,Algo seguro,NA
Bucaramanga,2011,Seguro,NA
Bucaramanga,2011,Algo seguro,NA
Bucaramanga,2011,Seguro,NA
Bucaramanga,2011,Seguro,NA
Bucaramanga,2011,Muy seguro,NA
Bucaramanga,2011,Seguro,NA
Bucaramanga,2011,Algo seguro,NA
Bucaramanga,2011,Poco seguro,NA
Bucaramanga,2011,Poco seguro,NA
Bucaramanga,2011,Algo seguro,NA
Bucaramanga,2011,Seguro,NA
Bucaramanga,2011,Muy seguro,NA
Bucaramanga,2011,Poco seguro,NA
Bucaramanga,2011,Algo seguro,NA
Bucaramanga,2011,Nada seguro,NA
Bucaramanga,2011,Nada seguro,NA
Bucaramanga,2011,Algo seguro,NA
Bucaramanga,2011,Muy seguro,NA
Bucaramanga,2011,Seguro,NA
Bucaramanga,2011,Seguro,NA
Bucaramanga,2011,Algo seguro,NA
Bucaramanga,2011,Algo seguro,NA
Bucaramanga,2011,Poco seguro,NA
Bucaramanga,2011,Algo seguro,NA
Bucaramanga,2011,Nada seguro,NA
Bucaramanga,2011,Seguro,NA
Bucaramanga,2011,Poco seguro,NA
Bucaramanga,2011,Muy seguro,NA
Bucaramanga,2011,Muy seguro,NA
Bucaramanga,2011,Seguro,NA
Bucaramanga,2011,Seguro,NA
Bucaramanga,2011,Poco seguro,NA
Bucaramanga,2011,Muy seguro,NA
Bucaramanga,2011,Muy seguro,NA
Bucaramanga,2011,Algo seguro,NA
Bucaramanga,2011,Seguro,NA
Bucaramanga,2011,Seguro,NA
Bucaramanga,2011,Algo seguro,NA
Bucaramanga,2011,Algo seguro,NA
Bucaramanga,2011,Seguro,NA
Bucaramanga,2011,Algo seguro,NA
Bucaramanga,2011,Muy seguro,NA
Bucaramanga,2011,Muy seguro,NA
Bucaramanga,2011,Algo seguro,NA
Bucaramanga,2011,Algo seguro,NA
Bucaramanga,2011,Algo seguro,NA
Bucaramanga,2011,Algo seguro,NA
Bucaramanga,2011,Muy seguro,NA
Bucaramanga,2011,Algo seguro,NA
Bucaramanga,2011,Poco seguro,NA
Bucaramanga,2011,Algo seguro,NA
Bucaramanga,2011,Algo seguro,NA
Bucaramanga,2011,Algo seguro,NA
Bucaramanga,2011,Algo seguro,NA
Bucaramanga,2011,Algo seguro,NA
Bucaramanga,2011,Nada seguro,NA
Bucaramanga,2011,Nada seguro,NA
Bucaramanga,2011,Poco seguro,NA
Bucaramanga,2011,Seguro,NA
Bucaramanga,2011,Seguro,NA
Bucaramanga,2011,Seguro,NA
Bucaramanga,2011,Muy seguro,NA
Bucaramanga,2011,Algo seguro,NA
Bucaramanga,2011,Muy seguro,NA
Bucaramanga,2011,Algo seguro,NA
Bucaramanga,2011,Muy seguro,NA
Bucaramanga,2011,Seguro,NA
Bucaramanga,2011,Muy seguro,NA
Bucaramanga,2011,Poco seguro,NA
Bucaramanga,2011,Seguro,NA
Bucaramanga,2011,Algo seguro,NA
Bucaramanga,2011,Muy seguro,NA
Bucaramanga,2011,Nada seguro,NA
Bucaramanga,2011,Seguro,NA
Bucaramanga,2011,Seguro,NA
Bucaramanga,2011,Algo seguro,NA
Bucaramanga,2011,Poco seguro,NA
Bucaramanga,2011,Seguro,NA
Bucaramanga,2011,Muy seguro,NA
Bucaramanga,2011,Seguro,NA
Bucaramanga,2011,Seguro,NA
Bucaramanga,2011,Seguro,NA
Bucaramanga,2011,Seguro,NA
Bucaramanga,2011,Seguro,NA
Bucaramanga,2011,Seguro,NA
Bucaramanga,2011,Nada seguro,NA
Bucaramanga,2011,Seguro,NA
Bucaramanga,2011,Algo seguro,NA
Bucaramanga,2011,Muy seguro,NA
Bucaramanga,2011,Seguro,NA
Bucaramanga,2011,Poco seguro,NA
Bucaramanga,2011,Seguro,NA
Bucaramanga,2011,Poco seguro,NA
Bucaramanga,2011,Poco seguro,NA
Bucaramanga,2011,Muy seguro,NA
Bucaramanga,2011,Poco seguro,NA
Bucaramanga,2011,Algo seguro,NA
Bucaramanga,2011,Seguro,NA
Bucaramanga,2011,Poco seguro,NA
Bucaramanga,2011,Nada seguro,NA
Bucaramanga,2011,Seguro,NA
Bucaramanga,2011,Muy seguro,NA
Bucaramanga,2011,Algo seguro,NA
Bucaramanga,2011,Seguro,NA
Bucaramanga,2011,Poco seguro,NA
Bucaramanga,2011,Nada seguro,NA
Bucaramanga,2011,Algo seguro,NA
Bucaramanga,2011,Seguro,NA
Bucaramanga,2011,Algo seguro,NA
Bucaramanga,2011,Muy seguro,NA
Bucaramanga,2011,Seguro,NA
Bucaramanga,2011,Algo seguro,NA
Bucaramanga,2011,Algo seguro,NA
Bucaramanga,2011,Seguro,NA
Bucaramanga,2011,Muy seguro,NA
Bucaramanga,2011,Poco seguro,NA
Bucaramanga,2011,Algo seguro,NA
Bucaramanga,2011,Muy seguro,NA
Bucaramanga,2011,Muy seguro,NA
Bucaramanga,2011,Algo seguro,NA
Bucaramanga,2011,Nada seguro,NA
Bucaramanga,2011,Poco seguro,NA
Bucaramanga,2011,Muy seguro,NA
Bucaramanga,2011,Muy seguro,NA
Bucaramanga,2011,Muy seguro,NA
Bucaramanga,2011,Seguro,NA
Bucaramanga,2011,Seguro,NA
Bucaramanga,2011,Poco seguro,NA
Bucaramanga,2011,Seguro,NA
Bucaramanga,2011,Muy seguro,NA
Bucaramanga,2011,Seguro,NA
Bucaramanga,2011,Algo seguro,NA
Bucaramanga,2011,Poco seguro,NA
Bucaramanga,2011,Seguro,NA
Bucaramanga,2011,Algo seguro,NA
Bucaramanga,2011,Seguro,NA
Bucaramanga,2011,Algo seguro,NA
Bucaramanga,2011,Muy seguro,NA
Bucaramanga,2011,Algo seguro,NA
Bucaramanga,2011,Poco seguro,NA
Bucaramanga,2011,Algo seguro,NA
Bucaramanga,2011,Algo seguro,NA
Bucaramanga,2011,Nada seguro,NA
Bucaramanga,2011,Nada seguro,NA
Bucaramanga,2011,Poco seguro,NA
Bucaramanga,2011,Muy seguro,NA
Bucaramanga,2011,Algo seguro,NA
Bucaramanga,2011,Seguro,NA
Bucaramanga,2011,Muy seguro,NA
Bucaramanga,2011,Seguro,NA
Bucaramanga,2011,Seguro,NA
Bucaramanga,2011,Seguro,NA
Bucaramanga,2011,Poco seguro,NA
Bucaramanga,2011,Seguro,NA
Bucaramanga,2011,Poco seguro,NA
Bucaramanga,2011,Algo seguro,NA
Bucaramanga,2011,Algo seguro,NA
Bucaramanga,2011,Muy seguro,NA
Bucaramanga,2012,Algo seguro,Algo satisfecho
Bucaramanga,2012,Seguro,Algo insatisfecho
Bucaramanga,2012,Nada seguro,Algo insatisfecho
Bucaramanga,2012,Seguro,Ni satisfecho ni insatisfecho
Bucaramanga,2012,Muy seguro,Algo satisfecho
Bucaramanga,2012,Algo seguro,Muy insatisfecho
Bucaramanga,2012,Algo seguro,Algo insatisfecho
Bucaramanga,2012,Muy seguro,Algo insatisfecho
Bucaramanga,2012,Seguro,Ni satisfecho ni insatisfecho
Bucaramanga,2012,Algo seguro,Ni satisfecho ni insatisfecho
Bucaramanga,2012,Seguro,Ni satisfecho ni insatisfecho
Bucaramanga,2012,Poco seguro,Ni satisfecho ni insatisfecho
Bucaramanga,2012,Seguro,Muy insatisfecho
Bucaramanga,2012,Poco seguro,Ni satisfecho ni insatisfecho
Bucaramanga,2012,Poco seguro,Ni satisfecho ni insatisfecho
Bucaramanga,2012,Seguro,Algo insatisfecho
Bucaramanga,2012,Nada seguro,Ni satisfecho ni insatisfecho
Bucaramanga,2012,Seguro,Ni satisfecho ni insatisfecho
Bucaramanga,2012,Muy seguro,Ni satisfecho ni insatisfecho
Bucaramanga,2012,Muy seguro,Algo satisfecho
Bucaramanga,2012,Algo seguro,Algo insatisfecho
Bucaramanga,2012,Algo seguro,Algo insatisfecho
Bucaramanga,2012,Algo seguro,Ni satisfecho ni insatisfecho
Bucaramanga,2012,Nada seguro,Ni satisfecho ni insatisfecho
Bucaramanga,2012,Algo seguro,Algo insatisfecho
Bucaramanga,2012,Seguro,Ni satisfecho ni insatisfecho
Bucaramanga,2012,Muy seguro,Ni satisfecho ni insatisfecho
Bucaramanga,2012,Algo seguro,Algo satisfecho
Bucaramanga,2012,Algo seguro,Algo satisfecho
Bucaramanga,2012,Poco seguro,Ni satisfecho ni insatisfecho
Bucaramanga,2012,Seguro,Ni satisfecho ni insatisfecho
Bucaramanga,2012,Nada seguro,Ni satisfecho ni insatisfecho
Bucaramanga,2012,Algo seguro,Ni satisfecho ni insatisfecho
Bucaramanga,2012,Seguro,Ni satisfecho ni insatisfecho
Bucaramanga,2012,Poco seguro,Algo insatisfecho
Bucaramanga,2012,Algo seguro,Algo insatisfecho
Bucaramanga,2012,Algo seguro,Algo insatisfecho
Bucaramanga,2012,Algo seguro,Ni satisfecho ni insatisfecho
Bucaramanga,2012,Algo seguro,Algo satisfecho
Bucaramanga,2012,Algo seguro,Algo insatisfecho
Bucaramanga,2012,Poco seguro,Algo insatisfecho
Bucaramanga,2012,Algo seguro,Algo satisfecho
Bucaramanga,2012,Algo seguro,Ni satisfecho ni insatisfecho
Bucaramanga,2012,Muy seguro,Algo satisfecho
Bucaramanga,2012,Seguro,Ni satisfecho ni insatisfecho
Bucaramanga,2012,Muy seguro,Algo satisfecho
Bucaramanga,2012,Algo seguro,Ni satisfecho ni insatisfecho
Bucaramanga,2012,Muy seguro,Algo insatisfecho
Bucaramanga,2012,Seguro,Algo satisfecho
Bucaramanga,2012,Poco seguro,Algo insatisfecho
Bucaramanga,2012,Muy seguro,Ni satisfecho ni insatisfecho
Bucaramanga,2012,Poco seguro,Algo insatisfecho
Bucaramanga,2012,Nada seguro,Algo insatisfecho
Bucaramanga,2012,Algo seguro,Ni satisfecho ni insatisfecho
Bucaramanga,2012,Muy seguro,Ni satisfecho ni insatisfecho
Bucaramanga,2012,Seguro,Algo satisfecho
Bucaramanga,2012,Algo seguro,Ni satisfecho ni insatisfecho
Bucaramanga,2012,Poco seguro,Algo insatisfecho
Bucaramanga,2012,Seguro,Ni satisfecho ni insatisfecho
Bucaramanga,2012,Seguro,Ni satisfecho ni insatisfecho
Bucaramanga,2012,Algo seguro,Algo satisfecho
Bucaramanga,2012,Algo seguro,Ni satisfecho ni insatisfecho
Bucaramanga,2012,Algo seguro,Algo insatisfecho
Bucaramanga,2012,Muy seguro,Algo insatisfecho
Bucaramanga,2012,Algo seguro,Muy insatisfecho
Bucaramanga,2012,Nada seguro,Muy insatisfecho
Bucaramanga,2012,Poco seguro,Muy insatisfecho
Bucaramanga,2012,Poco seguro,Algo insatisfecho
Bucaramanga,2012,Algo seguro,Muy insatisfecho
Bucaramanga,2012,Poco seguro,Muy insatisfecho
Bucaramanga,2012,Algo seguro,Muy insatisfecho
Bucaramanga,2012,Poco seguro,Muy insatisfecho
Bucaramanga,2012,Algo seguro,Muy insatisfecho
Bucaramanga,2012,Poco seguro,Ni satisfecho ni insatisfecho
Bucaramanga,2012,Algo seguro,Muy satisfecho
Bucaramanga,2012,Nada seguro,Algo insatisfecho
Bucaramanga,2012,Muy seguro,Muy insatisfecho
Bucaramanga,2012,Seguro,Algo insatisfecho
Bucaramanga,2012,Seguro,Algo insatisfecho
Bucaramanga,2012,Algo seguro,Algo satisfecho
Bucaramanga,2012,Nada seguro,Muy insatisfecho
Bucaramanga,2012,Algo seguro,Ni satisfecho ni insatisfecho
Bucaramanga,2012,Algo seguro,Algo insatisfecho
Bucaramanga,2012,Algo seguro,Algo satisfecho
Bucaramanga,2012,Algo seguro,Ni satisfecho ni insatisfecho
Bucaramanga,2012,Algo seguro,Algo insatisfecho
Bucaramanga,2012,Algo seguro,Algo satisfecho
Bucaramanga,2012,Algo seguro,Ni satisfecho ni insatisfecho
Bucaramanga,2012,Algo seguro,Ni satisfecho ni insatisfecho
Bucaramanga,2012,Muy seguro,Algo satisfecho
Bucaramanga,2012,Nada seguro,Algo insatisfecho
Bucaramanga,2012,Algo seguro,Ni satisfecho ni insatisfecho
Bucaramanga,2012,Algo seguro,Algo insatisfecho
Bucaramanga,2012,Algo seguro,Algo insatisfecho
Bucaramanga,2012,Seguro,Ni satisfecho ni insatisfecho
Bucaramanga,2012,Algo seguro,Algo satisfecho
Bucaramanga,2012,Algo seguro,Algo satisfecho
Bucaramanga,2012,Muy seguro,Algo satisfecho
Bucaramanga,2012,Muy seguro,Muy insatisfecho
Bucaramanga,2012,Algo seguro,Muy insatisfecho
Bucaramanga,2012,Seguro,Muy insatisfecho
Bucaramanga,2012,Poco seguro,Algo satisfecho
Bucaramanga,2012,Poco seguro,Muy insatisfecho
Bucaramanga,2012,Muy seguro,Muy insatisfecho
Bucaramanga,2012,Seguro,Muy insatisfecho
Bucaramanga,2012,Algo seguro,Ni satisfecho ni insatisfecho
Bucaramanga,2012,Muy seguro,Ni satisfecho ni insatisfecho
Bucaramanga,2012,Muy seguro,Muy insatisfecho
Bucaramanga,2012,Muy seguro,Algo satisfecho
Bucaramanga,2012,Seguro,Muy insatisfecho
Bucaramanga,2012,Algo seguro,Algo insatisfecho
Bucaramanga,2012,Muy seguro,Muy insatisfecho
Bucaramanga,2012,Seguro,Algo satisfecho
Bucaramanga,2012,Poco seguro,Ni satisfecho ni insatisfecho
Bucaramanga,2012,Poco seguro,Algo insatisfecho
Bucaramanga,2012,Algo seguro,Algo insatisfecho
Bucaramanga,2012,Algo seguro,Ni satisfecho ni insatisfecho
Bucaramanga,2012,Algo seguro,Ni satisfecho ni insatisfecho
Bucaramanga,2012,Seguro,Algo insatisfecho
Bucaramanga,2012,Seguro,Algo insatisfecho
Bucaramanga,2012,Muy seguro,Ni satisfecho ni insatisfecho
Bucaramanga,2012,Poco seguro,Algo insatisfecho
Bucaramanga,2012,Poco seguro,Ni satisfecho ni insatisfecho
Bucaramanga,2012,Algo seguro,Ni satisfecho ni insatisfecho
Bucaramanga,2012,Algo seguro,Ni satisfecho ni insatisfecho
Bucaramanga,2012,Algo seguro,Ni satisfecho ni insatisfecho
Bucaramanga,2012,Algo seguro,Algo insatisfecho
Bucaramanga,2012,Seguro,Ni satisfecho ni insatisfecho
Bucaramanga,2012,Algo seguro,Ni satisfecho ni insatisfecho
Bucaramanga,2012,Algo seguro,Algo insatisfecho
Bucaramanga,2012,Algo seguro,Ni satisfecho ni insatisfecho
Bucaramanga,2012,Seguro,Ni satisfecho ni insatisfecho
Bucaramanga,2012,Algo seguro,Ni satisfecho ni insatisfecho
Bucaramanga,2012,Algo seguro,Algo insatisfecho
Bucaramanga,2012,Algo seguro,Ni satisfecho ni insatisfecho
Bucaramanga,2012,Nada seguro,Ni satisfecho ni insatisfecho
Bucaramanga,2012,Poco seguro,Muy insatisfecho
Bucaramanga,2012,Seguro,Algo insatisfecho
Bucaramanga,2012,Algo seguro,Algo insatisfecho
Bucaramanga,2012,Algo seguro,Algo satisfecho
Bucaramanga,2012,Algo seguro,Ni satisfecho ni insatisfecho
Bucaramanga,2012,Algo seguro,Ni satisfecho ni insatisfecho
Bucaramanga,2012,Seguro,Ni satisfecho ni insatisfecho
Bucaramanga,2012,Algo seguro,Algo insatisfecho
Bucaramanga,2012,Muy seguro,Algo insatisfecho
Bucaramanga,2012,Muy seguro,Ni satisfecho ni insatisfecho
Bucaramanga,2012,Algo seguro,Ni satisfecho ni insatisfecho
Bucaramanga,2012,Muy seguro,Algo satisfecho
Bucaramanga,2012,Poco seguro,Ni satisfecho ni insatisfecho
Bucaramanga,2012,Algo seguro,Ni satisfecho ni insatisfecho
Bucaramanga,2012,Algo seguro,Ni satisfecho ni insatisfecho
Bucaramanga,2012,Seguro,Ni satisfecho ni insatisfecho
Bucaramanga,2012,Seguro,Algo insatisfecho
Bucaramanga,2012,Poco seguro,Ni satisfecho ni insatisfecho
Bucaramanga,2012,Algo seguro,Ni satisfecho ni insatisfecho
Bucaramanga,2012,Poco seguro,Algo insatisfecho
Bucaramanga,2012,Algo seguro,Ni satisfecho ni insatisfecho
Bucaramanga,2012,Muy seguro,Ni satisfecho ni insatisfecho
Bucaramanga,2012,Nada seguro,Ni satisfecho ni insatisfecho
Bucaramanga,2012,Poco seguro,Algo insatisfecho
Bucaramanga,2012,Seguro,Algo insatisfecho
Bucaramanga,2012,Algo seguro,Algo insatisfecho
Bucaramanga,2012,Algo seguro,Algo satisfecho
Bucaramanga,2012,Algo seguro,Ni satisfecho ni insatisfecho
Bucaramanga,2012,Nada seguro,Algo insatisfecho
Bucaramanga,2012,Nada seguro,Algo insatisfecho
Bucaramanga,2012,Poco seguro,Algo insatisfecho
Bucaramanga,2012,Algo seguro,Algo insatisfecho
Bucaramanga,2012,Seguro,Algo insatisfecho
Bucaramanga,2012,Poco seguro,Algo insatisfecho
Bucaramanga,2012,Algo seguro,Algo insatisfecho
Bucaramanga,2012,Algo seguro,Ni satisfecho ni insatisfecho
Bucaramanga,2012,Seguro,Algo insatisfecho
Bucaramanga,2012,Seguro,Ni satisfecho ni insatisfecho
Bucaramanga,2012,Algo seguro,Algo satisfecho
Bucaramanga,2012,Nada seguro,Algo insatisfecho
Bucaramanga,2012,Algo seguro,Ni satisfecho ni insatisfecho
Bucaramanga,2012,Seguro,Algo satisfecho
Bucaramanga,2012,Muy seguro,Algo satisfecho
Bucaramanga,2012,Poco seguro,Algo satisfecho
Bucaramanga,2012,Nada seguro,Muy satisfecho
Bucaramanga,2012,Algo seguro,Ni satisfecho ni insatisfecho
Bucaramanga,2012,Seguro,Algo satisfecho
Bucaramanga,2012,Algo seguro,Algo insatisfecho
Bucaramanga,2012,Muy seguro,Algo insatisfecho
Bucaramanga,2012,Nada seguro,Ni satisfecho ni insatisfecho
Bucaramanga,2012,Nada seguro,Algo insatisfecho
Bucaramanga,2012,Algo seguro,Ni satisfecho ni insatisfecho
Bucaramanga,2012,Seguro,Algo insatisfecho
Bucaramanga,2012,Seguro,Muy insatisfecho
Bucaramanga,2012,Algo seguro,Algo insatisfecho
Bucaramanga,2012,Algo seguro,Muy insatisfecho
Bucaramanga,2012,Poco seguro,Muy insatisfecho
Bucaramanga,2012,Algo seguro,Algo insatisfecho
Bucaramanga,2012,Nada seguro,Algo satisfecho
Bucaramanga,2012,Algo seguro,Algo insatisfecho
Bucaramanga,2012,Muy seguro,Ni satisfecho ni insatisfecho
Bucaramanga,2012,Muy seguro,Muy insatisfecho
Bucaramanga,2012,Algo seguro,Muy insatisfecho
Bucaramanga,2012,Muy seguro,Muy insatisfecho
Bucaramanga,2012,Algo seguro,Ni satisfecho ni insatisfecho
Bucaramanga,2012,Poco seguro,Algo insatisfecho
Bucaramanga,2012,Seguro,Algo insatisfecho
Bucaramanga,2012,Poco seguro,Algo insatisfecho
Bucaramanga,2012,Seguro,Ni satisfecho ni insatisfecho
Bucaramanga,2012,Algo seguro,Ni satisfecho ni insatisfecho
Bucaramanga,2012,Poco seguro,Ni satisfecho ni insatisfecho
Bucaramanga,2012,Poco seguro,Ni satisfecho ni insatisfecho
Bucaramanga,2012,Seguro,Ni satisfecho ni insatisfecho
Bucaramanga,2012,Algo seguro,Algo insatisfecho
Bucaramanga,2012,Algo seguro,Ni satisfecho ni insatisfecho
Bucaramanga,2012,Muy seguro,Muy insatisfecho
Bucaramanga,2012,Algo seguro,Algo insatisfecho
Bucaramanga,2012,Muy seguro,Muy insatisfecho
Bucaramanga,2012,Muy seguro,Algo insatisfecho
Bucaramanga,2012,Seguro,Algo satisfecho
Bucaramanga,2012,Algo seguro,Muy insatisfecho
Bucaramanga,2012,Muy seguro,Ni satisfecho ni insatisfecho
Bucaramanga,2012,Algo seguro,Algo insatisfecho
Bucaramanga,2012,Algo seguro,Ni satisfecho ni insatisfecho
Bucaramanga,2012,Muy seguro,Algo insatisfecho
Bucaramanga,2012,Algo seguro,Algo insatisfecho
Bucaramanga,2012,Algo seguro,Muy satisfecho
Bucaramanga,2012,Muy seguro,Algo insatisfecho
Bucaramanga,2012,Seguro,Ni satisfecho ni insatisfecho
Bucaramanga,2012,Algo seguro,Ni satisfecho ni insatisfecho
Bucaramanga,2012,Algo seguro,Algo satisfecho
Bucaramanga,2012,Seguro,Algo insatisfecho
Bucaramanga,2012,Algo seguro,Algo insatisfecho
Bucaramanga,2012,Algo seguro,Algo insatisfecho
Bucaramanga,2012,Algo seguro,Muy insatisfecho
Bucaramanga,2012,Algo seguro,Algo insatisfecho
Bucaramanga,2012,Seguro,Algo insatisfecho
Bucaramanga,2012,Algo seguro,Muy insatisfecho
Bucaramanga,2012,Algo seguro,Ni satisfecho ni insatisfecho
Bucaramanga,2012,Seguro,Algo insatisfecho
Bucaramanga,2012,Seguro,Muy insatisfecho
Bucaramanga,2012,Algo seguro,Algo satisfecho
Bucaramanga,2012,Seguro,Muy insatisfecho
Bucaramanga,2012,Seguro,Ni satisfecho ni insatisfecho
Bucaramanga,2012,Seguro,Algo insatisfecho
Bucaramanga,2012,Seguro,Algo satisfecho
Bucaramanga,2012,Algo seguro,Ni satisfecho ni insatisfecho
Bucaramanga,2012,Algo seguro,Algo insatisfecho
Bucaramanga,2012,Seguro,Ni satisfecho ni insatisfecho
Bucaramanga,2012,Seguro,Ni satisfecho ni insatisfecho
Bucaramanga,2012,Algo seguro,Algo satisfecho
Bucaramanga,2012,Algo seguro,Ni satisfecho ni insatisfecho
Bucaramanga,2012,Poco seguro,Ni satisfecho ni insatisfecho
Bucaramanga,2012,Algo seguro,Algo satisfecho
Bucaramanga,2012,Seguro,Ni satisfecho ni insatisfecho
Bucaramanga,2012,Nada seguro,Algo insatisfecho
Bucaramanga,2012,Poco seguro,Algo insatisfecho
Bucaramanga,2012,Nada seguro,Algo insatisfecho
Bucaramanga,2012,Algo seguro,Algo insatisfecho
Bucaramanga,2012,Seguro,Algo insatisfecho
Bucaramanga,2012,Muy seguro,Ni satisfecho ni insatisfecho
Bucaramanga,2012,Seguro,Algo satisfecho
Bucaramanga,2012,Algo seguro,Algo insatisfecho
Bucaramanga,2012,Algo seguro,Algo insatisfecho
Bucaramanga,2012,Algo seguro,Algo satisfecho
Bucaramanga,2012,Algo seguro,Ni satisfecho ni insatisfecho
Bucaramanga,2012,Seguro,Ni satisfecho ni insatisfecho
Bucaramanga,2012,Algo seguro,Algo insatisfecho
Bucaramanga,2012,Nada seguro,Muy insatisfecho
Bucaramanga,2012,Seguro,Ni satisfecho ni insatisfecho
Bucaramanga,2012,Muy seguro,Muy insatisfecho
Bucaramanga,2012,Muy seguro,Algo satisfecho
Bucaramanga,2012,Seguro,Algo insatisfecho
Bucaramanga,2012,Algo seguro,Algo insatisfecho
Bucaramanga,2012,Algo seguro,Algo insatisfecho
Bucaramanga,2012,Poco seguro,Ni satisfecho ni insatisfecho
Bucaramanga,2012,Algo seguro,Ni satisfecho ni insatisfecho
Bucaramanga,2012,Algo seguro,Ni satisfecho ni insatisfecho
Bucaramanga,2012,Algo seguro,Ni satisfecho ni insatisfecho
Bucaramanga,2012,Seguro,Muy insatisfecho
Bucaramanga,2012,Algo seguro,Algo insatisfecho
Bucaramanga,2012,Nada seguro,Ni satisfecho ni insatisfecho
Bucaramanga,2012,Algo seguro,Algo satisfecho
Bucaramanga,2012,Algo seguro,Ni satisfecho ni insatisfecho
Bucaramanga,2012,Seguro,Algo insatisfecho
Bucaramanga,2012,Algo seguro,Ni satisfecho ni insatisfecho
Bucaramanga,2012,Algo seguro,Ni satisfecho ni insatisfecho
Bucaramanga,2012,Seguro,Algo satisfecho
Bucaramanga,2012,Seguro,Algo insatisfecho
Bucaramanga,2012,Seguro,Ni satisfecho ni insatisfecho
Bucaramanga,2012,Seguro,Ni satisfecho ni insatisfecho
Bucaramanga,2012,Poco seguro,Ni satisfecho ni insatisfecho
Bucaramanga,2012,Muy seguro,Algo satisfecho
Bucaramanga,2012,Algo seguro,Algo insatisfecho
Bucaramanga,2012,Algo seguro,Ni satisfecho ni insatisfecho
Bucaramanga,2012,Poco seguro,Algo satisfecho
Bucaramanga,2012,Algo seguro,Ni satisfecho ni insatisfecho
Bucaramanga,2012,Seguro,Algo insatisfecho
Bucaramanga,2012,Algo seguro,Ni satisfecho ni insatisfecho
Bucaramanga,2012,Muy seguro,Ni satisfecho ni insatisfecho
Bucaramanga,2012,Seguro,Ni satisfecho ni insatisfecho
Bucaramanga,2012,Nada seguro,Algo insatisfecho
Bucaramanga,2012,Seguro,Algo insatisfecho
Bucaramanga,2012,Seguro,Algo satisfecho
Bucaramanga,2012,Algo seguro,Ni satisfecho ni insatisfecho
Bucaramanga,2012,Algo seguro,Ni satisfecho ni insatisfecho
Bucaramanga,2012,Seguro,Algo satisfecho
Bucaramanga,2012,Poco seguro,Algo insatisfecho
Bucaramanga,2012,Seguro,Ni satisfecho ni insatisfecho
Bucaramanga,2012,Algo seguro,Ni satisfecho ni insatisfecho
Bucaramanga,2012,Algo seguro,Ni satisfecho ni insatisfecho
Bucaramanga,2012,Seguro,Muy insatisfecho
Bucaramanga,2012,Seguro,Ni satisfecho ni insatisfecho
Bucaramanga,2012,Muy seguro,Ni satisfecho ni insatisfecho
Bucaramanga,2012,Seguro,Ni satisfecho ni insatisfecho
Bucaramanga,2012,Muy seguro,Algo satisfecho
Bucaramanga,2012,Seguro,Algo satisfecho
Bucaramanga,2012,Poco seguro,Algo insatisfecho
Bucaramanga,2012,Seguro,Ni satisfecho ni insatisfecho
Bucaramanga,2012,Seguro,Ni satisfecho ni insatisfecho
Bucaramanga,2012,Seguro,Ni satisfecho ni insatisfecho
Bucaramanga,2012,Seguro,Algo insatisfecho
Bucaramanga,2012,Algo seguro,Muy insatisfecho
Bucaramanga,2012,Algo seguro,Muy insatisfecho
Bucaramanga,2012,Seguro,Ni satisfecho ni insatisfecho
Bucaramanga,2012,Algo seguro,Algo insatisfecho
Bucaramanga,2012,Nada seguro,Algo insatisfecho
Bucaramanga,2012,Algo seguro,Ni satisfecho ni insatisfecho
Bucaramanga,2012,Muy seguro,Algo insatisfecho
Bucaramanga,2012,Algo seguro,Ni satisfecho ni insatisfecho
Bucaramanga,2012,Seguro,Ni satisfecho ni insatisfecho
Bucaramanga,2012,Algo seguro,Algo satisfecho
Bucaramanga,2012,Algo seguro,Algo insatisfecho
Bucaramanga,2012,Seguro,Algo insatisfecho
Bucaramanga,2012,Algo seguro,Algo insatisfecho
Bucaramanga,2012,Algo seguro,Ni satisfecho ni insatisfecho
Bucaramanga,2012,Poco seguro,Algo insatisfecho
Bucaramanga,2012,Algo seguro,Ni satisfecho ni insatisfecho
Bucaramanga,2012,Algo seguro,Algo satisfecho
Bucaramanga,2012,Seguro,Ni satisfecho ni insatisfecho
Bucaramanga,2012,Algo seguro,Algo satisfecho
Bucaramanga,2012,Muy seguro,Algo insatisfecho
Bucaramanga,2012,Algo seguro,Algo insatisfecho
Bucaramanga,2012,Seguro,Ni satisfecho ni insatisfecho
Bucaramanga,2012,Algo seguro,Ni satisfecho ni insatisfecho
Bucaramanga,2012,Nada seguro,Ni satisfecho ni insatisfecho
Bucaramanga,2012,Seguro,Ni satisfecho ni insatisfecho
Bucaramanga,2012,Muy seguro,Muy insatisfecho
Bucaramanga,2012,Seguro,Algo satisfecho
Bucaramanga,2012,Algo seguro,Muy insatisfecho
Bucaramanga,2012,Algo seguro,Ni satisfecho ni insatisfecho
Bucaramanga,2012,Algo seguro,Ni satisfecho ni insatisfecho
Bucaramanga,2012,Algo seguro,Algo insatisfecho
Bucaramanga,2012,Seguro,Muy insatisfecho
Bucaramanga,2012,Muy seguro,Muy insatisfecho
Bucaramanga,2012,Seguro,Ni satisfecho ni insatisfecho
Bucaramanga,2012,Poco seguro,Ni satisfecho ni insatisfecho
Bucaramanga,2012,Algo seguro,Ni satisfecho ni insatisfecho
Bucaramanga,2012,Algo seguro,Ni satisfecho ni insatisfecho
Bucaramanga,2012,Algo seguro,Ni satisfecho ni insatisfecho
Bucaramanga,2012,Seguro,Algo insatisfecho
Bucaramanga,2012,Poco seguro,Ni satisfecho ni insatisfecho
Bucaramanga,2012,Seguro,Muy insatisfecho
Bucaramanga,2012,Seguro,Muy insatisfecho
Bucaramanga,2012,Seguro,Algo insatisfecho
Bucaramanga,2012,Algo seguro,Ni satisfecho ni insatisfecho
Bucaramanga,2012,Muy seguro,Muy insatisfecho
Bucaramanga,2012,Algo seguro,Algo insatisfecho
Bucaramanga,2012,Muy seguro,Muy insatisfecho
Bucaramanga,2012,Algo seguro,Ni satisfecho ni insatisfecho
Bucaramanga,2012,Seguro,Algo insatisfecho
Bucaramanga,2012,Poco seguro,Muy insatisfecho
Bucaramanga,2012,Algo seguro,Ni satisfecho ni insatisfecho
Bucaramanga,2012,Seguro,Algo insatisfecho
Bucaramanga,2012,Muy seguro,Algo insatisfecho
Bucaramanga,2012,Seguro,Algo insatisfecho
Bucaramanga,2012,Algo seguro,Ni satisfecho ni insatisfecho
Bucaramanga,2012,Algo seguro,Ni satisfecho ni insatisfecho
Bucaramanga,2012,Muy seguro,Algo insatisfecho
Bucaramanga,2012,Muy seguro,Algo insatisfecho
Bucaramanga,2012,Muy seguro,Ni satisfecho ni insatisfecho
Bucaramanga,2012,Seguro,Algo insatisfecho
Bucaramanga,2012,Algo seguro,Ni satisfecho ni insatisfecho
Bucaramanga,2012,Seguro,Muy insatisfecho
Bucaramanga,2012,Nada seguro,Ni satisfecho ni insatisfecho
Bucaramanga,2012,Poco seguro,Muy insatisfecho
Bucaramanga,2012,Muy seguro,Algo insatisfecho
Bucaramanga,2012,Algo seguro,Algo satisfecho
Bucaramanga,2012,Muy seguro,Ni satisfecho ni insatisfecho
Bucaramanga,2012,Seguro,Muy insatisfecho
Bucaramanga,2012,Seguro,Ni satisfecho ni insatisfecho
Bucaramanga,2012,Muy seguro,Ni satisfecho ni insatisfecho
Bucaramanga,2012,Muy seguro,Ni satisfecho ni insatisfecho
Bucaramanga,2012,Seguro,Algo insatisfecho
Bucaramanga,2012,Algo seguro,Ni satisfecho ni insatisfecho
Bucaramanga,2012,Poco seguro,Muy insatisfecho
Bucaramanga,2012,Poco seguro,Ni satisfecho ni insatisfecho
Bucaramanga,2012,Muy seguro,Ni satisfecho ni insatisfecho
Bucaramanga,2012,Seguro,Ni satisfecho ni insatisfecho
Bucaramanga,2012,Muy seguro,Ni satisfecho ni insatisfecho
Bucaramanga,2012,Seguro,Ni satisfecho ni insatisfecho
Bucaramanga,2012,Nada seguro,Muy insatisfecho
Bucaramanga,2012,Algo seguro,Algo insatisfecho
Bucaramanga,2012,Poco seguro,Ni satisfecho ni insatisfecho
Bucaramanga,2012,Nada seguro,Algo insatisfecho
Bucaramanga,2012,Nada seguro,Algo insatisfecho
Bucaramanga,2012,Poco seguro,Algo insatisfecho
Bucaramanga,2012,Poco seguro,Algo insatisfecho
Bucaramanga,2012,Seguro,Ni satisfecho ni insatisfecho
Bucaramanga,2012,Algo seguro,Algo insatisfecho
Bucaramanga,2012,Algo seguro,Algo insatisfecho
Bucaramanga,2012,Poco seguro,Algo insatisfecho
Bucaramanga,2012,Algo seguro,Ni satisfecho ni insatisfecho
Bucaramanga,2012,Seguro,Algo satisfecho
Bucaramanga,2012,Poco seguro,Muy insatisfecho
Bucaramanga,2012,Nada seguro,Muy insatisfecho
Bucaramanga,2012,Poco seguro,Algo insatisfecho
Bucaramanga,2012,Algo seguro,Ni satisfecho ni insatisfecho
Bucaramanga,2012,Nada seguro,Ni satisfecho ni insatisfecho
Bucaramanga,2012,Poco seguro,Algo satisfecho
Bucaramanga,2012,Algo seguro,Algo insatisfecho
Bucaramanga,2012,Algo seguro,Ni satisfecho ni insatisfecho
Bucaramanga,2012,Poco seguro,Ni satisfecho ni insatisfecho
Bucaramanga,2012,Algo seguro,Algo insatisfecho
Bucaramanga,2012,Muy seguro,Ni satisfecho ni insatisfecho
Bucaramanga,2012,Algo seguro,Algo satisfecho
Bucaramanga,2012,Seguro,Algo satisfecho
Bucaramanga,2012,Algo seguro,Algo insatisfecho
Bucaramanga,2012,Poco seguro,Algo satisfecho
Bucaramanga,2012,Algo seguro,Ni satisfecho ni insatisfecho
Bucaramanga,2012,Seguro,Algo satisfecho
Bucaramanga,2012,Algo seguro,Algo insatisfecho
Bucaramanga,2012,Algo seguro,Algo insatisfecho
Bucaramanga,2012,Seguro,Ni satisfecho ni insatisfecho
Bucaramanga,2012,Algo seguro,Ni satisfecho ni insatisfecho
Bucaramanga,2012,Algo seguro,Algo satisfecho
Bucaramanga,2012,Seguro,Algo satisfecho
Bucaramanga,2012,Muy seguro,Ni satisfecho ni insatisfecho
Bucaramanga,2012,Algo seguro,Algo insatisfecho
Bucaramanga,2012,Algo seguro,Algo insatisfecho
Bucaramanga,2012,Muy seguro,Ni satisfecho ni insatisfecho
Bucaramanga,2012,Algo seguro,Algo insatisfecho
Bucaramanga,2012,Seguro,Ni satisfecho ni insatisfecho
Bucaramanga,2012,Seguro,Ni satisfecho ni insatisfecho
Bucaramanga,2012,Algo seguro,Algo satisfecho
Bucaramanga,2012,Muy seguro,Muy insatisfecho
Bucaramanga,2012,Seguro,Muy insatisfecho
Bucaramanga,2012,Algo seguro,Ni satisfecho ni insatisfecho
Bucaramanga,2012,Muy seguro,Ni satisfecho ni insatisfecho
Bucaramanga,2012,Poco seguro,Ni satisfecho ni insatisfecho
Bucaramanga,2012,Algo seguro,Ni satisfecho ni insatisfecho
Bucaramanga,2012,Seguro,Ni satisfecho ni insatisfecho
Bucaramanga,2012,Poco seguro,Muy insatisfecho
Bucaramanga,2012,Poco seguro,Ni satisfecho ni insatisfecho
Bucaramanga,2012,Seguro,Ni satisfecho ni insatisfecho
Bucaramanga,2012,Algo seguro,Algo insatisfecho
Bucaramanga,2012,Algo seguro,Muy insatisfecho
Bucaramanga,2012,Seguro,Muy satisfecho
Bucaramanga,2012,Algo seguro,Algo insatisfecho
Bucaramanga,2012,Poco seguro,Muy insatisfecho
Bucaramanga,2012,Poco seguro,Algo insatisfecho
Bucaramanga,2012,Poco seguro,Algo insatisfecho
Bucaramanga,2012,Poco seguro,Algo satisfecho
Bucaramanga,2012,Algo seguro,Algo insatisfecho
Bucaramanga,2012,Poco seguro,Algo insatisfecho
Bucaramanga,2012,Algo seguro,Algo satisfecho
Bucaramanga,2012,Seguro,Algo satisfecho
Bucaramanga,2012,Algo seguro,Ni satisfecho ni insatisfecho
Bucaramanga,2012,Poco seguro,Ni satisfecho ni insatisfecho
Bucaramanga,2012,Algo seguro,Muy insatisfecho
Bucaramanga,2012,Muy seguro,Ni satisfecho ni insatisfecho
Bucaramanga,2012,Algo seguro,Ni satisfecho ni insatisfecho
Bucaramanga,2012,Poco seguro,Ni satisfecho ni insatisfecho
Bucaramanga,2012,Seguro,Algo satisfecho
Bucaramanga,2012,Algo seguro,Ni satisfecho ni insatisfecho
Bucaramanga,2012,Algo seguro,Algo satisfecho
Bucaramanga,2012,Poco seguro,Algo satisfecho
Bucaramanga,2012,Algo seguro,Ni satisfecho ni insatisfecho
Bucaramanga,2012,Poco seguro,Ni satisfecho ni insatisfecho
Bucaramanga,2012,Seguro,Algo insatisfecho
Bucaramanga,2012,Algo seguro,Algo satisfecho
Bucaramanga,2012,Seguro,Algo insatisfecho
Bucaramanga,2012,Muy seguro,Algo satisfecho
Bucaramanga,2012,Poco seguro,Ni satisfecho ni insatisfecho
Bucaramanga,2012,Seguro,Algo satisfecho
Bucaramanga,2012,Algo seguro,Algo insatisfecho
Bucaramanga,2012,Algo seguro,Algo insatisfecho
Bucaramanga,2012,Seguro,Algo insatisfecho
Bucaramanga,2012,Poco seguro,Ni satisfecho ni insatisfecho
Bucaramanga,2012,Poco seguro,Algo insatisfecho
Bucaramanga,2012,Seguro,Ni satisfecho ni insatisfecho
Bucaramanga,2012,Seguro,Algo satisfecho
Bucaramanga,2012,Algo seguro,Ni satisfecho ni insatisfecho
Bucaramanga,2012,Muy seguro,Muy insatisfecho
Bucaramanga,2012,Seguro,Algo satisfecho
Bucaramanga,2012,Algo seguro,Muy satisfecho
Bucaramanga,2012,Nada seguro,Algo insatisfecho
Bucaramanga,2012,Poco seguro,Algo satisfecho
Bucaramanga,2012,Algo seguro,Ni satisfecho ni insatisfecho
Bucaramanga,2012,Seguro,Algo satisfecho
Bucaramanga,2012,Muy seguro,Algo satisfecho
Bucaramanga,2012,Muy seguro,Algo satisfecho
Bucaramanga,2012,Seguro,Algo satisfecho
Bucaramanga,2012,Algo seguro,Algo satisfecho
Bucaramanga,2012,Poco seguro,Ni satisfecho ni insatisfecho
Bucaramanga,2012,Seguro,Algo insatisfecho
Bucaramanga,2012,Algo seguro,Ni satisfecho ni insatisfecho
Bucaramanga,2012,Seguro,Ni satisfecho ni insatisfecho
Bucaramanga,2012,Seguro,Ni satisfecho ni insatisfecho
Bucaramanga,2012,Algo seguro,Algo insatisfecho
Bucaramanga,2012,Algo seguro,Algo insatisfecho
Bucaramanga,2012,Nada seguro,Ni satisfecho ni insatisfecho
Bucaramanga,2012,Algo seguro,Algo insatisfecho
Bucaramanga,2012,Algo seguro,Algo insatisfecho
Bucaramanga,2012,Poco seguro,Algo insatisfecho
Bucaramanga,2012,Algo seguro,Ni satisfecho ni insatisfecho
Bucaramanga,2012,Muy seguro,Algo insatisfecho
Bucaramanga,2012,Poco seguro,Ni satisfecho ni insatisfecho
Bucaramanga,2012,Algo seguro,Algo insatisfecho
Bucaramanga,2012,Seguro,Algo satisfecho
Bucaramanga,2012,Nada seguro,Muy insatisfecho
Bucaramanga,2012,Muy seguro,Ni satisfecho ni insatisfecho
Bucaramanga,2012,Algo seguro,Algo insatisfecho
Bucaramanga,2012,Algo seguro,Muy insatisfecho
Bucaramanga,2012,Seguro,Algo insatisfecho
Bucaramanga,2012,Seguro,Muy insatisfecho
Bucaramanga,2012,Seguro,Ni satisfecho ni insatisfecho
Bucaramanga,2012,Poco seguro,Muy insatisfecho
Bucaramanga,2012,Poco seguro,Ni satisfecho ni insatisfecho
Bucaramanga,2012,Seguro,Muy insatisfecho
Bucaramanga,2012,Algo seguro,Algo insatisfecho
Bucaramanga,2012,Seguro,Ni satisfecho ni insatisfecho
Bucaramanga,2012,Poco seguro,Algo insatisfecho
Bucaramanga,2012,Poco seguro,Muy insatisfecho
Bucaramanga,2012,Algo seguro,Ni satisfecho ni insatisfecho
Bucaramanga,2012,Algo seguro,Muy insatisfecho
Bucaramanga,2012,Poco seguro,Muy insatisfecho
Bucaramanga,2012,Muy seguro,Ni satisfecho ni insatisfecho
Bucaramanga,2012,Muy seguro,Muy insatisfecho
Bucaramanga,2012,Seguro,Algo satisfecho
Bucaramanga,2012,Seguro,Algo satisfecho
Bucaramanga,2012,Poco seguro,Ni satisfecho ni insatisfecho
Bucaramanga,2012,Seguro,Algo insatisfecho
Bucaramanga,2012,Seguro,Algo insatisfecho
Bucaramanga,2012,Seguro,Algo satisfecho
Bucaramanga,2012,Muy seguro,Ni satisfecho ni insatisfecho
Bucaramanga,2012,Seguro,Algo insatisfecho
Bucaramanga,2012,Poco seguro,Ni satisfecho ni insatisfecho
Bucaramanga,2012,Algo seguro,Muy insatisfecho
Bucaramanga,2012,Seguro,Muy satisfecho
Bucaramanga,2012,Seguro,Algo insatisfecho
Bucaramanga,2012,Muy seguro,Algo insatisfecho
Bucaramanga,2012,Seguro,Algo insatisfecho
Bucaramanga,2012,Algo seguro,Algo insatisfecho
Bucaramanga,2012,Muy seguro,Ni satisfecho ni insatisfecho
Bucaramanga,2012,Muy seguro,Algo insatisfecho
Bucaramanga,2012,Seguro,Ni satisfecho ni insatisfecho
Bucaramanga,2012,Muy seguro,Algo insatisfecho
Bucaramanga,2012,Muy seguro,Algo satisfecho
Bucaramanga,2012,Algo seguro,Ni satisfecho ni insatisfecho
Bucaramanga,2012,Seguro,Algo satisfecho
Bucaramanga,2012,Algo seguro,Muy insatisfecho
Bucaramanga,2012,Nada seguro,Muy insatisfecho
Bucaramanga,2012,Poco seguro,Algo insatisfecho
Bucaramanga,2012,Muy seguro,Muy satisfecho
Bucaramanga,2012,Seguro,Algo insatisfecho
Bucaramanga,2012,Seguro,Ni satisfecho ni insatisfecho
Bucaramanga,2012,Nada seguro,Algo satisfecho
Bucaramanga,2012,Seguro,Algo insatisfecho
Bucaramanga,2012,Algo seguro,Algo insatisfecho
Bucaramanga,2012,Muy seguro,Algo insatisfecho
Bucaramanga,2012,Poco seguro,Muy insatisfecho
Bucaramanga,2012,Algo seguro,Ni satisfecho ni insatisfecho
Bucaramanga,2012,Seguro,Algo satisfecho
Bucaramanga,2012,Algo seguro,Muy insatisfecho
Bucaramanga,2012,Algo seguro,Ni satisfecho ni insatisfecho
Bucaramanga,2012,Algo seguro,Muy insatisfecho
Bucaramanga,2012,Algo seguro,Ni satisfecho ni insatisfecho
Bucaramanga,2012,Seguro,Algo satisfecho
Bucaramanga,2012,Seguro,Algo insatisfecho
Bucaramanga,2012,Seguro,Algo satisfecho
Bucaramanga,2012,Seguro,Ni satisfecho ni insatisfecho
Bucaramanga,2012,Muy seguro,Algo satisfecho
Bucaramanga,2012,Algo seguro,Algo satisfecho
Bucaramanga,2012,Algo seguro,Algo satisfecho
Bucaramanga,2012,Algo seguro,Muy insatisfecho
Bucaramanga,2012,Seguro,Ni satisfecho ni insatisfecho
Bucaramanga,2012,Algo seguro,Ni satisfecho ni insatisfecho
Bucaramanga,2012,Muy seguro,Ni satisfecho ni insatisfecho
Bucaramanga,2012,Nada seguro,Algo insatisfecho
Bucaramanga,2012,Muy seguro,Algo satisfecho
Bucaramanga,2012,Seguro,Muy insatisfecho
Bucaramanga,2012,Algo seguro,Ni satisfecho ni insatisfecho
Bucaramanga,2012,Poco seguro,Algo insatisfecho
Bucaramanga,2012,Algo seguro,Ni satisfecho ni insatisfecho
Bucaramanga,2012,Seguro,Muy insatisfecho
Bucaramanga,2012,Seguro,Ni satisfecho ni insatisfecho
Bucaramanga,2012,Poco seguro,Algo insatisfecho
Bucaramanga,2012,Algo seguro,Algo insatisfecho
Bucaramanga,2012,Algo seguro,Ni satisfecho ni insatisfecho
Bucaramanga,2012,Algo seguro,Algo insatisfecho
Bucaramanga,2012,Seguro,Ni satisfecho ni insatisfecho
Bucaramanga,2012,Algo seguro,Algo insatisfecho
Bucaramanga,2012,Seguro,Algo insatisfecho
Bucaramanga,2012,Nada seguro,Ni satisfecho ni insatisfecho
Bucaramanga,2012,Algo seguro,Ni satisfecho ni insatisfecho
Bucaramanga,2012,Poco seguro,Algo insatisfecho
Bucaramanga,2012,Seguro,Ni satisfecho ni insatisfecho
Bucaramanga,2012,Poco seguro,Ni satisfecho ni insatisfecho
Bucaramanga,2012,Poco seguro,Muy insatisfecho
Bucaramanga,2012,Algo seguro,Algo insatisfecho
Bucaramanga,2012,Nada seguro,Ni satisfecho ni insatisfecho
Bucaramanga,2012,Algo seguro,Muy satisfecho
Bucaramanga,2012,Algo seguro,Muy insatisfecho
Bucaramanga,2012,Nada seguro,Algo insatisfecho
Bucaramanga,2012,Algo seguro,Ni satisfecho ni insatisfecho
Bucaramanga,2012,Seguro,Ni satisfecho ni insatisfecho
Bucaramanga,2012,Seguro,Algo insatisfecho
Bucaramanga,2012,Poco seguro,Algo insatisfecho
Bucaramanga,2012,Algo seguro,Algo satisfecho
Bucaramanga,2012,Algo seguro,Algo insatisfecho
Bucaramanga,2012,Algo seguro,Algo insatisfecho
Bucaramanga,2012,Poco seguro,Algo insatisfecho
Bucaramanga,2012,Algo seguro,Algo satisfecho
Bucaramanga,2012,Muy seguro,Algo insatisfecho
Bucaramanga,2012,Poco seguro,Muy insatisfecho
Bucaramanga,2012,Seguro,Ni satisfecho ni insatisfecho
Bucaramanga,2012,Algo seguro,Ni satisfecho ni insatisfecho
Bucaramanga,2012,Seguro,Algo satisfecho
Bucaramanga,2012,Muy seguro,Algo satisfecho
Bucaramanga,2012,Poco seguro,Ni satisfecho ni insatisfecho
Bucaramanga,2012,Algo seguro,Ni satisfecho ni insatisfecho
Bucaramanga,2012,Poco seguro,Ni satisfecho ni insatisfecho
Bucaramanga,2012,Algo seguro,Ni satisfecho ni insatisfecho
Bucaramanga,2012,Algo seguro,Algo insatisfecho
Bucaramanga,2012,Nada seguro,Ni satisfecho ni insatisfecho
Bucaramanga,2012,Algo seguro,Ni satisfecho ni insatisfecho
Bucaramanga,2012,Seguro,Ni satisfecho ni insatisfecho
Bucaramanga,2012,Algo seguro,Algo insatisfecho
Bucaramanga,2012,Seguro,Ni satisfecho ni insatisfecho
Bucaramanga,2012,Seguro,Ni satisfecho ni insatisfecho
Bucaramanga,2012,Algo seguro,Muy insatisfecho
Bucaramanga,2012,Seguro,Algo satisfecho
Bucaramanga,2012,Seguro,Muy insatisfecho
Bucaramanga,2012,Algo seguro,Algo insatisfecho
Bucaramanga,2012,Poco seguro,Ni satisfecho ni insatisfecho
Bucaramanga,2012,Muy seguro,Algo satisfecho
Bucaramanga,2012,Muy seguro,Algo insatisfecho
Bucaramanga,2012,Algo seguro,Algo insatisfecho
Bucaramanga,2012,Algo seguro,Algo satisfecho
Bucaramanga,2012,Seguro,Ni satisfecho ni insatisfecho
Bucaramanga,2012,Algo seguro,Ni satisfecho ni insatisfecho
Bucaramanga,2012,Seguro,Ni satisfecho ni insatisfecho
Bucaramanga,2012,Poco seguro,Ni satisfecho ni insatisfecho
Bucaramanga,2012,Seguro,Ni satisfecho ni insatisfecho
Bucaramanga,2012,Algo seguro,Algo insatisfecho
Bucaramanga,2012,Nada seguro,Muy insatisfecho
Bucaramanga,2012,Seguro,Ni satisfecho ni insatisfecho
Bucaramanga,2012,Muy seguro,Ni satisfecho ni insatisfecho
Bucaramanga,2012,Seguro,Ni satisfecho ni insatisfecho
Bucaramanga,2012,Algo seguro,Ni satisfecho ni insatisfecho
Bucaramanga,2012,Algo seguro,Ni satisfecho ni insatisfecho
Bucaramanga,2012,Nada seguro,Algo insatisfecho
Bucaramanga,2012,Algo seguro,Algo insatisfecho
Bucaramanga,2012,Algo seguro,Algo insatisfecho
Bucaramanga,2012,Seguro,Ni satisfecho ni insatisfecho
Bucaramanga,2012,Algo seguro,Ni satisfecho ni insatisfecho
Bucaramanga,2012,Algo seguro,Ni satisfecho ni insatisfecho
Bucaramanga,2012,Algo seguro,Algo insatisfecho
Bucaramanga,2012,Poco seguro,Ni satisfecho ni insatisfecho
Bucaramanga,2012,Algo seguro,Algo insatisfecho
Bucaramanga,2012,Algo seguro,Ni satisfecho ni insatisfecho
Bucaramanga,2012,Muy seguro,Algo insatisfecho
Bucaramanga,2012,Algo seguro,Algo insatisfecho
Bucaramanga,2012,Algo seguro,Algo insatisfecho
Bucaramanga,2012,Seguro,Algo insatisfecho
Bucaramanga,2012,Poco seguro,Muy insatisfecho
Bucaramanga,2012,Seguro,Ni satisfecho ni insatisfecho
Bucaramanga,2012,Algo seguro,Ni satisfecho ni insatisfecho
Bucaramanga,2012,Algo seguro,Muy insatisfecho
Bucaramanga,2012,Seguro,Algo insatisfecho
Bucaramanga,2012,Algo seguro,Muy insatisfecho
Bucaramanga,2012,Poco seguro,Algo insatisfecho
Bucaramanga,2012,Algo seguro,Ni satisfecho ni insatisfecho
Bucaramanga,2012,Algo seguro,Algo satisfecho
Bucaramanga,2012,Algo seguro,Muy insatisfecho
Bucaramanga,2012,Algo seguro,Algo satisfecho
Bucaramanga,2012,Seguro,Ni satisfecho ni insatisfecho
Bucaramanga,2012,Nada seguro,Algo insatisfecho
Bucaramanga,2012,Muy seguro,Muy insatisfecho
Bucaramanga,2012,Seguro,Muy satisfecho
Bucaramanga,2012,Seguro,Algo satisfecho
Bucaramanga,2012,Algo seguro,Algo insatisfecho
Bucaramanga,2012,Seguro,Ni satisfecho ni insatisfecho
Bucaramanga,2012,Seguro,Algo insatisfecho
Bucaramanga,2012,Muy seguro,Ni satisfecho ni insatisfecho
Bucaramanga,2012,Nada seguro,Ni satisfecho ni insatisfecho
Bucaramanga,2012,Algo seguro,Ni satisfecho ni insatisfecho
Bucaramanga,2012,Poco seguro,Algo insatisfecho
Bucaramanga,2012,Seguro,Ni satisfecho ni insatisfecho
Bucaramanga,2012,Poco seguro,Ni satisfecho ni insatisfecho
Bucaramanga,2012,Algo seguro,Ni satisfecho ni insatisfecho
Bucaramanga,2012,Algo seguro,Algo insatisfecho
Bucaramanga,2012,Nada seguro,Ni satisfecho ni insatisfecho
Bucaramanga,2012,Seguro,Algo insatisfecho
Bucaramanga,2012,Algo seguro,Algo insatisfecho
Bucaramanga,2012,Poco seguro,Ni satisfecho ni insatisfecho
Bucaramanga,2012,Muy seguro,Ni satisfecho ni insatisfecho
Bucaramanga,2012,Seguro,Algo insatisfecho
Bucaramanga,2012,Seguro,Algo insatisfecho
Bucaramanga,2012,Seguro,Ni satisfecho ni insatisfecho
Bucaramanga,2012,Poco seguro,Ni satisfecho ni insatisfecho
Bucaramanga,2012,Algo seguro,Muy insatisfecho
Bucaramanga,2012,Muy seguro,Muy insatisfecho
Bucaramanga,2012,Algo seguro,Muy insatisfecho
Bucaramanga,2012,Algo seguro,Ni satisfecho ni insatisfecho
Bucaramanga,2012,Algo seguro,Ni satisfecho ni insatisfecho
Bucaramanga,2012,Muy seguro,Ni satisfecho ni insatisfecho
Bucaramanga,2012,Poco seguro,Muy insatisfecho
Bucaramanga,2012,Muy seguro,Algo insatisfecho
Bucaramanga,2012,Poco seguro,Muy insatisfecho
Bucaramanga,2012,Poco seguro,Algo insatisfecho
Bucaramanga,2012,Nada seguro,Algo satisfecho
Bucaramanga,2012,Seguro,Ni satisfecho ni insatisfecho
Bucaramanga,2012,Algo seguro,Ni satisfecho ni insatisfecho
Bucaramanga,2012,Seguro,Ni satisfecho ni insatisfecho
Bucaramanga,2012,Muy seguro,Algo insatisfecho
Bucaramanga,2012,Algo seguro,Algo insatisfecho
Bucaramanga,2012,Poco seguro,Algo insatisfecho
Bucaramanga,2012,Algo seguro,Muy satisfecho
Bucaramanga,2012,Algo seguro,Algo insatisfecho
Bucaramanga,2012,Nada seguro,Muy insatisfecho
Bucaramanga,2012,Algo seguro,Muy insatisfecho
Bucaramanga,2012,Nada seguro,Ni satisfecho ni insatisfecho
Bucaramanga,2012,Algo seguro,Ni satisfecho ni insatisfecho
Bucaramanga,2012,Algo seguro,Algo satisfecho
Bucaramanga,2012,Poco seguro,Muy insatisfecho
Bucaramanga,2012,Nada seguro,Algo insatisfecho
Bucaramanga,2012,Seguro,Muy insatisfecho
Bucaramanga,2012,Seguro,Muy insatisfecho
Bucaramanga,2012,Poco seguro,Algo insatisfecho
Bucaramanga,2012,Algo seguro,Algo satisfecho
Bucaramanga,2012,Algo seguro,Ni satisfecho ni insatisfecho
Bucaramanga,2012,Algo seguro,Algo insatisfecho
Bucaramanga,2012,Algo seguro,Muy insatisfecho
Bucaramanga,2012,Seguro,Muy insatisfecho
Bucaramanga,2012,Poco seguro,Muy insatisfecho
Bucaramanga,2012,Seguro,Algo insatisfecho
Bucaramanga,2012,Algo seguro,Algo insatisfecho
Bucaramanga,2012,Seguro,Muy insatisfecho
Bucaramanga,2012,Algo seguro,Muy insatisfecho
Bucaramanga,2012,Seguro,Ni satisfecho ni insatisfecho
Bucaramanga,2012,Seguro,Ni satisfecho ni insatisfecho
Bucaramanga,2012,Algo seguro,Muy insatisfecho
Bucaramanga,2012,Poco seguro,Algo insatisfecho
Bucaramanga,2012,Muy seguro,Algo satisfecho
Bucaramanga,2012,Muy seguro,Algo insatisfecho
Bucaramanga,2012,Algo seguro,Algo satisfecho
Bucaramanga,2012,Seguro,Muy insatisfecho
Bucaramanga,2012,Seguro,Ni satisfecho ni insatisfecho
Bucaramanga,2012,Nada seguro,Muy insatisfecho
Bucaramanga,2012,Poco seguro,Muy insatisfecho
Bucaramanga,2012,Algo seguro,Muy insatisfecho
Bucaramanga,2012,Seguro,Algo insatisfecho
Bucaramanga,2012,Seguro,Muy insatisfecho
Bucaramanga,2012,Muy seguro,Algo insatisfecho
Bucaramanga,2012,Muy seguro,Muy satisfecho
Bucaramanga,2012,Nada seguro,Muy insatisfecho
Bucaramanga,2012,Poco seguro,Algo satisfecho
Bucaramanga,2012,Seguro,Algo satisfecho
Bucaramanga,2012,Muy seguro,Algo insatisfecho
Bucaramanga,2012,Nada seguro,Muy insatisfecho
Bucaramanga,2012,Seguro,Muy insatisfecho
Bucaramanga,2012,Muy seguro,Muy insatisfecho
Bucaramanga,2012,Seguro,Algo insatisfecho
Bucaramanga,2012,Algo seguro,Algo satisfecho
Bucaramanga,2012,Poco seguro,Muy insatisfecho
Bucaramanga,2012,Poco seguro,Muy insatisfecho
Bucaramanga,2012,Seguro,Algo insatisfecho
Bucaramanga,2012,Poco seguro,Algo insatisfecho
Bucaramanga,2012,Nada seguro,Muy insatisfecho
Bucaramanga,2012,Algo seguro,Muy insatisfecho
Bucaramanga,2012,Seguro,Ni satisfecho ni insatisfecho
Bucaramanga,2012,Algo seguro,Algo insatisfecho
Bucaramanga,2012,Seguro,Muy insatisfecho
Bucaramanga,2012,Algo seguro,Algo insatisfecho
Bucaramanga,2012,Algo seguro,Muy insatisfecho
Bucaramanga,2012,Algo seguro,Algo satisfecho
Bucaramanga,2012,Algo seguro,Ni satisfecho ni insatisfecho
Bucaramanga,2012,Algo seguro,Algo insatisfecho
Bucaramanga,2012,Seguro,Ni satisfecho ni insatisfecho
Bucaramanga,2012,Algo seguro,Muy insatisfecho
Bucaramanga,2012,Seguro,Algo insatisfecho
Bucaramanga,2012,Algo seguro,Ni satisfecho ni insatisfecho
Bucaramanga,2012,Seguro,Ni satisfecho ni insatisfecho
Bucaramanga,2012,Seguro,Algo insatisfecho
Bucaramanga,2012,Algo seguro,Ni satisfecho ni insatisfecho
Bucaramanga,2012,Nada seguro,Algo insatisfecho
Bucaramanga,2012,Nada seguro,Algo insatisfecho
Bucaramanga,2012,Seguro,Ni satisfecho ni insatisfecho
Bucaramanga,2012,Algo seguro,Ni satisfecho ni insatisfecho
Bucaramanga,2012,Algo seguro,Algo satisfecho
Bucaramanga,2012,Seguro,Ni satisfecho ni insatisfecho
Bucaramanga,2012,Seguro,Algo insatisfecho
Bucaramanga,2012,Seguro,Algo satisfecho
Bucaramanga,2012,Algo seguro,Algo insatisfecho
Bucaramanga,2012,Algo seguro,Algo insatisfecho
Bucaramanga,2012,Nada seguro,Muy insatisfecho
Bucaramanga,2012,Seguro,Muy insatisfecho
Bucaramanga,2012,Seguro,Muy insatisfecho
Bucaramanga,2012,Algo seguro,Algo insatisfecho
Bucaramanga,2012,Muy seguro,Algo insatisfecho
Bucaramanga,2012,Algo seguro,Ni satisfecho ni insatisfecho
Bucaramanga,2012,Algo seguro,Muy insatisfecho
Bucaramanga,2012,Algo seguro,Algo insatisfecho
Bucaramanga,2012,Nada seguro,Muy insatisfecho
Bucaramanga,2012,Poco seguro,Muy insatisfecho
Bucaramanga,2012,Seguro,Algo insatisfecho
Bucaramanga,2012,Algo seguro,Ni satisfecho ni insatisfecho
Bucaramanga,2012,Algo seguro,Muy insatisfecho
Bucaramanga,2012,Nada seguro,Algo satisfecho
Bucaramanga,2012,Poco seguro,Algo insatisfecho
Bucaramanga,2012,Algo seguro,Algo insatisfecho
Bucaramanga,2012,Algo seguro,Algo insatisfecho
Bucaramanga,2012,Seguro,Algo insatisfecho
Bucaramanga,2012,Poco seguro,Ni satisfecho ni insatisfecho
Bucaramanga,2012,Nada seguro,Ni satisfecho ni insatisfecho
Bucaramanga,2012,Algo seguro,Ni satisfecho ni insatisfecho
Bucaramanga,2012,Seguro,Algo insatisfecho
Bucaramanga,2012,Algo seguro,Ni satisfecho ni insatisfecho
Bucaramanga,2012,Algo seguro,Algo insatisfecho
Bucaramanga,2012,Algo seguro,Ni satisfecho ni insatisfecho
Bucaramanga,2012,Seguro,Algo insatisfecho
Bucaramanga,2012,Algo seguro,Algo insatisfecho
Bucaramanga,2012,Algo seguro,Ni satisfecho ni insatisfecho
Bucaramanga,2012,Seguro,Algo insatisfecho
Bucaramanga,2012,Algo seguro,Algo insatisfecho
Bucaramanga,2012,Seguro,Ni satisfecho ni insatisfecho
Bucaramanga,2012,Seguro,Ni satisfecho ni insatisfecho
Bucaramanga,2012,Seguro,Ni satisfecho ni insatisfecho
Bucaramanga,2012,Seguro,Ni satisfecho ni insatisfecho
Bucaramanga,2012,Nada seguro,Algo insatisfecho
Bucaramanga,2012,Seguro,Algo insatisfecho
Bucaramanga,2012,Nada seguro,Ni satisfecho ni insatisfecho
Bucaramanga,2012,Poco seguro,Muy insatisfecho
Bucaramanga,2012,Seguro,Ni satisfecho ni insatisfecho
Bucaramanga,2012,Poco seguro,Algo insatisfecho
Bucaramanga,2012,Algo seguro,Algo insatisfecho
Bucaramanga,2012,Algo seguro,Algo insatisfecho
Bucaramanga,2012,Seguro,Muy insatisfecho
Bucaramanga,2012,Algo seguro,Muy insatisfecho
Bucaramanga,2012,Seguro,Algo insatisfecho
Bucaramanga,2012,Seguro,Algo insatisfecho
Bucaramanga,2012,Algo seguro,Algo insatisfecho
Bucaramanga,2012,Seguro,Algo satisfecho
Bucaramanga,2012,Algo seguro,Algo insatisfecho
Bucaramanga,2012,Muy seguro,Ni satisfecho ni insatisfecho
Bucaramanga,2012,Algo seguro,Algo insatisfecho
Bucaramanga,2012,Algo seguro,Ni satisfecho ni insatisfecho
Bucaramanga,2012,Algo seguro,Algo insatisfecho
Bucaramanga,2012,Algo seguro,Muy insatisfecho
Bucaramanga,2012,Poco seguro,Algo insatisfecho
Bucaramanga,2012,Algo seguro,Algo insatisfecho
Bucaramanga,2012,Algo seguro,Ni satisfecho ni insatisfecho
Bucaramanga,2012,Poco seguro,Algo insatisfecho
Bucaramanga,2012,Nada seguro,Muy satisfecho
Bucaramanga,2012,Poco seguro,Algo satisfecho
Bucaramanga,2012,Poco seguro,Algo insatisfecho
Bucaramanga,2012,Seguro,Algo insatisfecho
Bucaramanga,2012,Seguro,Muy insatisfecho
Bucaramanga,2012,Algo seguro,Ni satisfecho ni insatisfecho
Bucaramanga,2012,Poco seguro,Muy insatisfecho
Bucaramanga,2012,Algo seguro,Algo insatisfecho
Bucaramanga,2012,Seguro,Algo insatisfecho
Bucaramanga,2012,Muy seguro,Algo insatisfecho
Bucaramanga,2012,Algo seguro,Ni satisfecho ni insatisfecho
Bucaramanga,2012,Nada seguro,Muy insatisfecho
Bucaramanga,2012,Algo seguro,Algo insatisfecho
Bucaramanga,2012,Seguro,Ni satisfecho ni insatisfecho
Bucaramanga,2012,Seguro,Algo insatisfecho
Bucaramanga,2012,Seguro,Algo insatisfecho
Bucaramanga,2012,Algo seguro,Ni satisfecho ni insatisfecho
Bucaramanga,2012,Poco seguro,Algo insatisfecho
Bucaramanga,2012,Algo seguro,Ni satisfecho ni insatisfecho
Bucaramanga,2012,Algo seguro,Ni satisfecho ni insatisfecho
Bucaramanga,2012,Algo seguro,Ni satisfecho ni insatisfecho
Bucaramanga,2012,Poco seguro,Ni satisfecho ni insatisfecho
Bucaramanga,2012,Seguro,Algo insatisfecho
Bucaramanga,2012,Algo seguro,Algo insatisfecho
Bucaramanga,2012,Seguro,Algo insatisfecho
Bucaramanga,2012,Seguro,Algo insatisfecho
Bucaramanga,2012,Seguro,Ni satisfecho ni insatisfecho
Bucaramanga,2012,Muy seguro,Ni satisfecho ni insatisfecho
Bucaramanga,2012,Algo seguro,Algo satisfecho
Bucaramanga,2012,Seguro,Ni satisfecho ni insatisfecho
Bucaramanga,2012,Seguro,Ni satisfecho ni insatisfecho
Bucaramanga,2012,Nada seguro,Muy satisfecho
Bucaramanga,2012,Seguro,Ni satisfecho ni insatisfecho
Bucaramanga,2012,Algo seguro,Ni satisfecho ni insatisfecho
Bucaramanga,2012,Seguro,Ni satisfecho ni insatisfecho
Bucaramanga,2012,Poco seguro,Algo insatisfecho
Bucaramanga,2012,Algo seguro,Muy insatisfecho
Bucaramanga,2012,Seguro,Algo satisfecho
Bucaramanga,2012,Algo seguro,Muy insatisfecho
Bucaramanga,2012,Algo seguro,Muy insatisfecho
Bucaramanga,2012,Poco seguro,Muy insatisfecho
Bucaramanga,2012,Seguro,Algo satisfecho
Bucaramanga,2012,Algo seguro,Ni satisfecho ni insatisfecho
Bucaramanga,2012,Poco seguro,Algo insatisfecho
Bucaramanga,2012,Seguro,Ni satisfecho ni insatisfecho
Bucaramanga,2012,Algo seguro,Ni satisfecho ni insatisfecho
Bucaramanga,2012,Algo seguro,Ni satisfecho ni insatisfecho
Bucaramanga,2012,Nada seguro,Algo satisfecho
Bucaramanga,2012,Poco seguro,Ni satisfecho ni insatisfecho
Bucaramanga,2012,Seguro,Ni satisfecho ni insatisfecho
Bucaramanga,2012,Muy seguro,Algo insatisfecho
Bucaramanga,2012,Poco seguro,Algo insatisfecho
Bucaramanga,2012,Algo seguro,Algo insatisfecho
Bucaramanga,2012,Algo seguro,Algo insatisfecho
Bucaramanga,2012,Poco seguro,Algo insatisfecho
Bucaramanga,2012,Algo seguro,Muy insatisfecho
Bucaramanga,2012,Algo seguro,Ni satisfecho ni insatisfecho
Bucaramanga,2012,Algo seguro,Algo insatisfecho
Bucaramanga,2012,Poco seguro,Algo insatisfecho
Bucaramanga,2012,Nada seguro,Muy insatisfecho
Bucaramanga,2012,Poco seguro,Muy insatisfecho
Bucaramanga,2012,Seguro,Muy insatisfecho
Bucaramanga,2012,Seguro,Algo insatisfecho
Bucaramanga,2012,Algo seguro,Muy insatisfecho
Bucaramanga,2012,Algo seguro,Algo insatisfecho
Bucaramanga,2012,Algo seguro,Algo insatisfecho
Bucaramanga,2012,Seguro,Algo satisfecho
Bucaramanga,2012,Poco seguro,Ni satisfecho ni insatisfecho
Bucaramanga,2012,Algo seguro,Algo insatisfecho
Bucaramanga,2012,Muy seguro,Ni satisfecho ni insatisfecho
Bucaramanga,2012,Muy seguro,Ni satisfecho ni insatisfecho
Bucaramanga,2012,Muy seguro,Muy insatisfecho
Bucaramanga,2012,Poco seguro,Algo insatisfecho
Bucaramanga,2012,Muy seguro,Algo insatisfecho
Bucaramanga,2012,Seguro,Muy insatisfecho
Bucaramanga,2012,Nada seguro,Algo insatisfecho
Bucaramanga,2012,Poco seguro,Algo insatisfecho
Bucaramanga,2012,Algo seguro,Ni satisfecho ni insatisfecho
Bucaramanga,2012,Poco seguro,Algo insatisfecho
Bucaramanga,2012,Seguro,Ni satisfecho ni insatisfecho
Bucaramanga,2012,Algo seguro,Algo insatisfecho
Bucaramanga,2012,Muy seguro,Ni satisfecho ni insatisfecho
Bucaramanga,2012,Nada seguro,Ni satisfecho ni insatisfecho
Bucaramanga,2012,Poco seguro,Algo insatisfecho
Bucaramanga,2012,Nada seguro,Algo insatisfecho
Bucaramanga,2012,Muy seguro,Ni satisfecho ni insatisfecho
Bucaramanga,2012,Seguro,Ni satisfecho ni insatisfecho
Bucaramanga,2012,Muy seguro,Ni satisfecho ni insatisfecho
Bucaramanga,2012,Muy seguro,Ni satisfecho ni insatisfecho
Bucaramanga,2012,Poco seguro,Ni satisfecho ni insatisfecho
Bucaramanga,2012,Algo seguro,Algo satisfecho
Bucaramanga,2012,Seguro,Muy insatisfecho
Bucaramanga,2012,Seguro,Algo insatisfecho
Bucaramanga,2012,Muy seguro,Algo insatisfecho
Bucaramanga,2012,Seguro,Ni satisfecho ni insatisfecho
Bucaramanga,2012,Seguro,Algo insatisfecho
Bucaramanga,2012,Poco seguro,Muy insatisfecho
Bucaramanga,2012,Algo seguro,Algo satisfecho
Bucaramanga,2012,Algo seguro,Algo insatisfecho
Bucaramanga,2012,Poco seguro,Algo satisfecho
Bucaramanga,2012,Poco seguro,Algo insatisfecho
Bucaramanga,2012,Nada seguro,Algo insatisfecho
Bucaramanga,2012,Algo seguro,Ni satisfecho ni insatisfecho
Bucaramanga,2012,Algo seguro,Algo insatisfecho
Bucaramanga,2012,Algo seguro,Algo insatisfecho
Bucaramanga,2012,Algo seguro,Ni satisfecho ni insatisfecho
Bucaramanga,2012,Algo seguro,Algo satisfecho
Bucaramanga,2012,Seguro,Algo insatisfecho
Bucaramanga,2012,Seguro,Ni satisfecho ni insatisfecho
Bucaramanga,2012,Poco seguro,Algo insatisfecho
Bucaramanga,2012,Nada seguro,Ni satisfecho ni insatisfecho
Bucaramanga,2012,Nada seguro,Algo insatisfecho
Bucaramanga,2012,Nada seguro,Ni satisfecho ni insatisfecho
Bucaramanga,2012,Seguro,Algo insatisfecho
Bucaramanga,2012,Poco seguro,Ni satisfecho ni insatisfecho
Bucaramanga,2012,Muy seguro,Algo satisfecho
Bucaramanga,2012,Nada seguro,Ni satisfecho ni insatisfecho
Bucaramanga,2012,Poco seguro,Ni satisfecho ni insatisfecho
Bucaramanga,2012,Seguro,Algo insatisfecho
Bucaramanga,2012,Nada seguro,Algo insatisfecho
Bucaramanga,2012,Algo seguro,Algo insatisfecho
Bucaramanga,2012,Algo seguro,Ni satisfecho ni insatisfecho
Bucaramanga,2012,Poco seguro,Algo insatisfecho
Bucaramanga,2012,Poco seguro,Ni satisfecho ni insatisfecho
Bucaramanga,2012,Seguro,Algo insatisfecho
Bucaramanga,2012,Poco seguro,Algo insatisfecho
Bucaramanga,2012,Poco seguro,Algo insatisfecho
Bucaramanga,2012,Poco seguro,Ni satisfecho ni insatisfecho
Bucaramanga,2012,Nada seguro,Algo insatisfecho
Bucaramanga,2012,Poco seguro,Ni satisfecho ni insatisfecho
Bucaramanga,2012,Seguro,Algo insatisfecho
Bucaramanga,2012,Seguro,Algo insatisfecho
Bucaramanga,2012,Nada seguro,Ni satisfecho ni insatisfecho
Bucaramanga,2012,Seguro,Algo satisfecho
Bucaramanga,2012,Seguro,Ni satisfecho ni insatisfecho
Bucaramanga,2012,Algo seguro,Ni satisfecho ni insatisfecho
Bucaramanga,2012,Algo seguro,Algo insatisfecho
Bucaramanga,2012,Poco seguro,Algo insatisfecho
Bucaramanga,2012,Nada seguro,Algo insatisfecho
Bucaramanga,2012,Poco seguro,Algo insatisfecho
Bucaramanga,2012,Algo seguro,Algo insatisfecho
Bucaramanga,2012,Poco seguro,Algo insatisfecho
Bucaramanga,2012,Poco seguro,Algo insatisfecho
Bucaramanga,2012,Algo seguro,Algo insatisfecho
Bucaramanga,2012,Poco seguro,Algo insatisfecho
Bucaramanga,2012,Poco seguro,Ni satisfecho ni insatisfecho
Bucaramanga,2012,Algo seguro,Ni satisfecho ni insatisfecho
Bucaramanga,2012,Algo seguro,Ni satisfecho ni insatisfecho
Bucaramanga,2012,Algo seguro,Ni satisfecho ni insatisfecho
Bucaramanga,2012,Algo seguro,Muy insatisfecho
Bucaramanga,2012,Nada seguro,Algo insatisfecho
Bucaramanga,2012,Seguro,Ni satisfecho ni insatisfecho
Bucaramanga,2012,Algo seguro,Ni satisfecho ni insatisfecho
Bucaramanga,2012,Algo seguro,Algo insatisfecho
Bucaramanga,2012,Algo seguro,Ni satisfecho ni insatisfecho
Bucaramanga,2012,Seguro,Ni satisfecho ni insatisfecho
Bucaramanga,2012,Seguro,Ni satisfecho ni insatisfecho
Bucaramanga,2012,Seguro,Ni satisfecho ni insatisfecho
Bucaramanga,2012,Algo seguro,Algo satisfecho
Bucaramanga,2012,Muy seguro,Ni satisfecho ni insatisfecho
Bucaramanga,2012,Muy seguro,Algo insatisfecho
Bucaramanga,2012,Muy seguro,Ni satisfecho ni insatisfecho
Bucaramanga,2012,Algo seguro,Algo insatisfecho
Bucaramanga,2012,Nada seguro,Ni satisfecho ni insatisfecho
Bucaramanga,2012,Seguro,Ni satisfecho ni insatisfecho
Bucaramanga,2012,Seguro,Ni satisfecho ni insatisfecho
Bucaramanga,2012,Poco seguro,Algo insatisfecho
Bucaramanga,2012,Nada seguro,Ni satisfecho ni insatisfecho
Bucaramanga,2012,Nada seguro,Algo insatisfecho
Bucaramanga,2012,Algo seguro,Algo insatisfecho
Bucaramanga,2012,Poco seguro,Ni satisfecho ni insatisfecho
Bucaramanga,2012,Poco seguro,Ni satisfecho ni insatisfecho
Bucaramanga,2012,Seguro,Ni satisfecho ni insatisfecho
Bucaramanga,2012,Algo seguro,Ni satisfecho ni insatisfecho
Bucaramanga,2012,Seguro,Ni satisfecho ni insatisfecho
Bucaramanga,2012,Algo seguro,Ni satisfecho ni insatisfecho
Bucaramanga,2012,Seguro,Ni satisfecho ni insatisfecho
Bucaramanga,2012,Algo seguro,Ni satisfecho ni insatisfecho
Bucaramanga,2012,Seguro,Ni satisfecho ni insatisfecho
Bucaramanga,2012,Algo seguro,Ni satisfecho ni insatisfecho
Bucaramanga,2012,Seguro,Ni satisfecho ni insatisfecho
Bucaramanga,2012,Algo seguro,Ni satisfecho ni insatisfecho
Bucaramanga,2012,Seguro,Muy insatisfecho
Bucaramanga,2012,Poco seguro,Muy insatisfecho
Bucaramanga,2012,Nada seguro,Algo insatisfecho
Bucaramanga,2012,Seguro,Muy insatisfecho
Bucaramanga,2012,Poco seguro,Algo insatisfecho
Bucaramanga,2012,Algo seguro,Ni satisfecho ni insatisfecho
Bucaramanga,2012,Seguro,Ni satisfecho ni insatisfecho
Bucaramanga,2012,Poco seguro,Algo satisfecho
Bucaramanga,2012,Poco seguro,Algo satisfecho
Bucaramanga,2012,Muy seguro,Algo insatisfecho
Bucaramanga,2012,Seguro,Ni satisfecho ni insatisfecho
Bucaramanga,2012,Muy seguro,Muy insatisfecho
Bucaramanga,2012,Seguro,Ni satisfecho ni insatisfecho
Bucaramanga,2012,Algo seguro,Ni satisfecho ni insatisfecho
Bucaramanga,2012,Algo seguro,Ni satisfecho ni insatisfecho
Bucaramanga,2012,Poco seguro,Muy insatisfecho
Bucaramanga,2012,Algo seguro,Algo satisfecho
Bucaramanga,2012,Poco seguro,Algo insatisfecho
Bucaramanga,2012,Seguro,Algo satisfecho
Bucaramanga,2012,Algo seguro,Algo satisfecho
Bucaramanga,2012,Algo seguro,Algo satisfecho
Bucaramanga,2012,Algo seguro,Algo satisfecho
Bucaramanga,2012,Poco seguro,Ni satisfecho ni insatisfecho
Bucaramanga,2012,Seguro,Algo insatisfecho
Bucaramanga,2012,Nada seguro,Muy insatisfecho
Bucaramanga,2012,Poco seguro,Algo insatisfecho
Bucaramanga,2012,Seguro,Ni satisfecho ni insatisfecho
Bucaramanga,2012,Algo seguro,Ni satisfecho ni insatisfecho
Bucaramanga,2012,Seguro,Algo insatisfecho
Bucaramanga,2012,Muy seguro,Ni satisfecho ni insatisfecho
Bucaramanga,2012,Algo seguro,Algo insatisfecho
Bucaramanga,2012,Algo seguro,Algo satisfecho
Bucaramanga,2012,Nada seguro,Muy insatisfecho
Bucaramanga,2012,Poco seguro,Ni satisfecho ni insatisfecho
Bucaramanga,2012,Poco seguro,Muy insatisfecho
Bucaramanga,2012,Algo seguro,Ni satisfecho ni insatisfecho
Bucaramanga,2012,Seguro,Ni satisfecho ni insatisfecho
Bucaramanga,2012,Nada seguro,Muy insatisfecho
Bucaramanga,2012,Poco seguro,Muy insatisfecho
Bucaramanga,2012,Seguro,Ni satisfecho ni insatisfecho
Bucaramanga,2012,Poco seguro,Muy insatisfecho
Bucaramanga,2012,Muy seguro,Ni satisfecho ni insatisfecho
Bucaramanga,2012,Poco seguro,Algo insatisfecho
Bucaramanga,2012,Poco seguro,Ni satisfecho ni insatisfecho
Bucaramanga,2012,Muy seguro,Ni satisfecho ni insatisfecho
Bucaramanga,2012,Poco seguro,Algo insatisfecho
Bucaramanga,2012,Nada seguro,Ni satisfecho ni insatisfecho
Bucaramanga,2012,Nada seguro,Algo insatisfecho
Bucaramanga,2012,Poco seguro,Ni satisfecho ni insatisfecho
Bucaramanga,2012,Algo seguro,Ni satisfecho ni insatisfecho
Bucaramanga,2012,Seguro,Ni satisfecho ni insatisfecho
Bucaramanga,2012,Seguro,Muy insatisfecho
Bucaramanga,2012,Poco seguro,Algo insatisfecho
Bucaramanga,2012,Algo seguro,Algo satisfecho
Bucaramanga,2012,Nada seguro,Ni satisfecho ni insatisfecho
Bucaramanga,2012,Algo seguro,Algo satisfecho
Bucaramanga,2012,Nada seguro,Algo insatisfecho
Bucaramanga,2012,Poco seguro,Algo insatisfecho
Bucaramanga,2012,Poco seguro,Ni satisfecho ni insatisfecho
Bucaramanga,2012,Poco seguro,Ni satisfecho ni insatisfecho
Bucaramanga,2012,Algo seguro,Algo satisfecho
Bucaramanga,2012,Algo seguro,Algo satisfecho
Bucaramanga,2012,Algo seguro,Ni satisfecho ni insatisfecho
Bucaramanga,2012,Algo seguro,Algo satisfecho
Bucaramanga,2012,Seguro,Algo insatisfecho
Bucaramanga,2012,Algo seguro,Algo insatisfecho
Bucaramanga,2012,Nada seguro,Algo insatisfecho
Bucaramanga,2012,Nada seguro,Algo insatisfecho
Bucaramanga,2012,Muy seguro,Algo insatisfecho
Bucaramanga,2012,Poco seguro,Muy insatisfecho
Bucaramanga,2012,Muy seguro,Algo insatisfecho
Bucaramanga,2012,Seguro,Algo insatisfecho
Bucaramanga,2012,Muy seguro,Ni satisfecho ni insatisfecho
Bucaramanga,2012,Algo seguro,Ni satisfecho ni insatisfecho
Bucaramanga,2012,Seguro,Algo insatisfecho
Bucaramanga,2012,Algo seguro,Algo insatisfecho
Bucaramanga,2012,Algo seguro,Algo insatisfecho
Bucaramanga,2012,Seguro,Algo insatisfecho
Bucaramanga,2012,Poco seguro,Algo insatisfecho
Bucaramanga,2012,Algo seguro,Ni satisfecho ni insatisfecho
Bucaramanga,2012,Algo seguro,Ni satisfecho ni insatisfecho
Bucaramanga,2012,Seguro,Ni satisfecho ni insatisfecho
Bucaramanga,2012,Algo seguro,Algo satisfecho
Bucaramanga,2012,Algo seguro,Algo satisfecho
Bucaramanga,2012,Algo seguro,Algo satisfecho
Bucaramanga,2012,Algo seguro,Ni satisfecho ni insatisfecho
Bucaramanga,2012,Poco seguro,Ni satisfecho ni insatisfecho
Bucaramanga,2012,Algo seguro,Algo satisfecho
Bucaramanga,2012,Algo seguro,Ni satisfecho ni insatisfecho
Bucaramanga,2012,Seguro,Muy insatisfecho
Bucaramanga,2012,Seguro,Algo insatisfecho
Bucaramanga,2012,Algo seguro,Algo insatisfecho
Bucaramanga,2012,Nada seguro,Algo insatisfecho
Bucaramanga,2012,Algo seguro,Algo satisfecho
Bucaramanga,2012,Algo seguro,Algo insatisfecho
Bucaramanga,2012,Seguro,Muy insatisfecho
Bucaramanga,2012,Seguro,Ni satisfecho ni insatisfecho
Bucaramanga,2012,Seguro,Ni satisfecho ni insatisfecho
Bucaramanga,2012,Poco seguro,Ni satisfecho ni insatisfecho
Bucaramanga,2012,Seguro,Ni satisfecho ni insatisfecho
Bucaramanga,2012,Algo seguro,Algo insatisfecho
Bucaramanga,2012,Nada seguro,Algo insatisfecho
Bucaramanga,2012,Seguro,Algo satisfecho
Bucaramanga,2012,Poco seguro,Muy insatisfecho
Bucaramanga,2012,Seguro,Algo satisfecho
Bucaramanga,2012,Muy seguro,Algo satisfecho
Bucaramanga,2012,Algo seguro,Algo insatisfecho
Bucaramanga,2012,Muy seguro,Algo satisfecho
Bucaramanga,2012,Algo seguro,Ni satisfecho ni insatisfecho
Bucaramanga,2012,Nada seguro,Ni satisfecho ni insatisfecho
Bucaramanga,2012,Algo seguro,Ni satisfecho ni insatisfecho
Bucaramanga,2012,Algo seguro,Algo insatisfecho
Bucaramanga,2012,Seguro,Ni satisfecho ni insatisfecho
Bucaramanga,2012,Nada seguro,Algo insatisfecho
Bucaramanga,2012,Algo seguro,Ni satisfecho ni insatisfecho
Bucaramanga,2012,Muy seguro,Ni satisfecho ni insatisfecho
Bucaramanga,2012,Algo seguro,Muy insatisfecho
Bucaramanga,2012,Algo seguro,Algo satisfecho
Bucaramanga,2012,Algo seguro,Ni satisfecho ni insatisfecho
Bucaramanga,2012,Nada seguro,Algo insatisfecho
Bucaramanga,2012,Muy seguro,Ni satisfecho ni insatisfecho
Bucaramanga,2012,Poco seguro,Algo insatisfecho
Bucaramanga,2012,Algo seguro,Algo insatisfecho
Bucaramanga,2012,Seguro,Algo insatisfecho
Bucaramanga,2012,Algo seguro,Ni satisfecho ni insatisfecho
Bucaramanga,2012,Algo seguro,Algo satisfecho
Bucaramanga,2012,Muy seguro,Algo satisfecho
Bucaramanga,2012,Algo seguro,Algo satisfecho
Bucaramanga,2012,Algo seguro,Ni satisfecho ni insatisfecho
Bucaramanga,2012,Seguro,Algo insatisfecho
Bucaramanga,2012,Algo seguro,Algo insatisfecho
Bucaramanga,2012,Seguro,Algo insatisfecho
Bucaramanga,2012,Algo seguro,Algo insatisfecho
Bucaramanga,2012,Muy seguro,Muy insatisfecho
Bucaramanga,2012,Nada seguro,Muy insatisfecho
Bucaramanga,2012,Seguro,Algo insatisfecho
Bucaramanga,2012,Algo seguro,Algo insatisfecho
Bucaramanga,2012,Muy seguro,Ni satisfecho ni insatisfecho
Bucaramanga,2012,Algo seguro,Muy insatisfecho
Bucaramanga,2012,Algo seguro,Algo insatisfecho
Bucaramanga,2012,Poco seguro,Algo satisfecho
Bucaramanga,2012,Seguro,Algo insatisfecho
Bucaramanga,2012,Muy seguro,Algo insatisfecho
Bucaramanga,2012,Poco seguro,Algo insatisfecho
Bucaramanga,2012,Algo seguro,Algo satisfecho
Bucaramanga,2012,Algo seguro,Ni satisfecho ni insatisfecho
Bucaramanga,2012,Seguro,Ni satisfecho ni insatisfecho
Bucaramanga,2012,Poco seguro,Algo insatisfecho
Bucaramanga,2012,Muy seguro,Ni satisfecho ni insatisfecho
Bucaramanga,2012,Nada seguro,Muy insatisfecho
Bucaramanga,2012,Muy seguro,Ni satisfecho ni insatisfecho
Bucaramanga,2012,Algo seguro,Ni satisfecho ni insatisfecho
Bucaramanga,2012,Muy seguro,Ni satisfecho ni insatisfecho
Bucaramanga,2012,Poco seguro,Algo insatisfecho
Bucaramanga,2012,Algo seguro,Ni satisfecho ni insatisfecho
Bucaramanga,2012,Muy seguro,Muy insatisfecho
Bucaramanga,2012,Seguro,Ni satisfecho ni insatisfecho
Bucaramanga,2012,Algo seguro,Ni satisfecho ni insatisfecho
Bucaramanga,2012,Muy seguro,Algo insatisfecho
Bucaramanga,2012,Seguro,Ni satisfecho ni insatisfecho
Bucaramanga,2012,Algo seguro,Algo insatisfecho
Bucaramanga,2012,Algo seguro,Muy insatisfecho
Bucaramanga,2012,Nada seguro,Muy insatisfecho
Bucaramanga,2012,Algo seguro,Ni satisfecho ni insatisfecho
Bucaramanga,2012,Algo seguro,Ni satisfecho ni insatisfecho
Bucaramanga,2012,Seguro,Muy insatisfecho
Bucaramanga,2012,Algo seguro,Muy insatisfecho
Bucaramanga,2012,Poco seguro,Ni satisfecho ni insatisfecho
Bucaramanga,2012,Seguro,Ni satisfecho ni insatisfecho
Bucaramanga,2012,Algo seguro,Muy insatisfecho
Bucaramanga,2012,Seguro,Muy insatisfecho
Bucaramanga,2012,Poco seguro,Ni satisfecho ni insatisfecho
Bucaramanga,2012,Algo seguro,Ni satisfecho ni insatisfecho
Bucaramanga,2012,Seguro,Muy insatisfecho
Bucaramanga,2012,Muy seguro,Muy insatisfecho
Bucaramanga,2012,Algo seguro,Ni satisfecho ni insatisfecho
Bucaramanga,2012,Algo seguro,Algo insatisfecho
Bucaramanga,2012,Seguro,Algo insatisfecho
Bucaramanga,2012,Algo seguro,Muy satisfecho
Bucaramanga,2012,Poco seguro,Ni satisfecho ni insatisfecho
Bucaramanga,2012,Algo seguro,Muy insatisfecho
Bucaramanga,2012,Poco seguro,Muy insatisfecho
Bucaramanga,2012,Algo seguro,Ni satisfecho ni insatisfecho
Bucaramanga,2012,Algo seguro,Ni satisfecho ni insatisfecho
Bucaramanga,2012,Muy seguro,Muy insatisfecho
Bucaramanga,2012,Algo seguro,Ni satisfecho ni insatisfecho
Bucaramanga,2012,Seguro,Ni satisfecho ni insatisfecho
Bucaramanga,2012,Muy seguro,Algo satisfecho
Bucaramanga,2012,Poco seguro,Algo insatisfecho
Bucaramanga,2012,Seguro,Algo insatisfecho
Bucaramanga,2012,Muy seguro,Muy insatisfecho
Bucaramanga,2012,Algo seguro,Algo insatisfecho
Bucaramanga,2012,Muy seguro,Algo insatisfecho
Bucaramanga,2012,Seguro,Ni satisfecho ni insatisfecho
Bucaramanga,2012,Muy seguro,Algo insatisfecho
Bucaramanga,2012,Poco seguro,Algo insatisfecho
Bucaramanga,2012,Algo seguro,Algo insatisfecho
Bucaramanga,2012,Muy seguro,Muy insatisfecho
Bucaramanga,2012,Seguro,Ni satisfecho ni insatisfecho
Bucaramanga,2012,Poco seguro,Ni satisfecho ni insatisfecho
Bucaramanga,2012,Algo seguro,Algo insatisfecho
Bucaramanga,2012,Seguro,Ni satisfecho ni insatisfecho
Bucaramanga,2012,Seguro,Ni satisfecho ni insatisfecho
Bucaramanga,2012,Poco seguro,Algo insatisfecho
Bucaramanga,2012,Algo seguro,Muy insatisfecho
Bucaramanga,2012,Nada seguro,Muy insatisfecho
Bucaramanga,2012,Algo seguro,Algo insatisfecho
Bucaramanga,2012,Algo seguro,Algo satisfecho
Bucaramanga,2012,Algo seguro,Algo satisfecho
Bucaramanga,2012,Algo seguro,Algo insatisfecho
Bucaramanga,2012,Algo seguro,Algo insatisfecho
Bucaramanga,2012,Muy seguro,Algo insatisfecho
Bucaramanga,2012,Muy seguro,Ni satisfecho ni insatisfecho
Bucaramanga,2012,Algo seguro,Muy insatisfecho
Bucaramanga,2012,Algo seguro,Ni satisfecho ni insatisfecho
Bucaramanga,2012,Seguro,Algo satisfecho
Bucaramanga,2012,Seguro,Ni satisfecho ni insatisfecho
Bucaramanga,2012,Seguro,Algo satisfecho
Bucaramanga,2012,Algo seguro,Ni satisfecho ni insatisfecho
Bucaramanga,2012,Algo seguro,Muy insatisfecho
Bucaramanga,2012,Algo seguro,Algo satisfecho
Bucaramanga,2012,Muy seguro,Algo insatisfecho
Bucaramanga,2012,Algo seguro,Ni satisfecho ni insatisfecho
Bucaramanga,2012,Muy seguro,Algo satisfecho
Bucaramanga,2012,Seguro,Algo insatisfecho
Bucaramanga,2012,Algo seguro,Ni satisfecho ni insatisfecho
Bucaramanga,2012,Seguro,Ni satisfecho ni insatisfecho
Bucaramanga,2012,Poco seguro,Algo insatisfecho
Bucaramanga,2012,Algo seguro,Ni satisfecho ni insatisfecho
Bucaramanga,2012,Muy seguro,Muy satisfecho
Bucaramanga,2012,Poco seguro,Algo satisfecho
Bucaramanga,2012,Seguro,Ni satisfecho ni insatisfecho
Bucaramanga,2012,Seguro,Algo satisfecho
Bucaramanga,2012,Algo seguro,Algo satisfecho
Bucaramanga,2012,Seguro,Algo insatisfecho
Bucaramanga,2012,Algo seguro,Ni satisfecho ni insatisfecho
Bucaramanga,2012,Seguro,Algo insatisfecho
Bucaramanga,2012,Seguro,Algo satisfecho
Bucaramanga,2012,Poco seguro,Algo insatisfecho
Bucaramanga,2012,Nada seguro,Algo satisfecho
Bucaramanga,2012,Muy seguro,Ni satisfecho ni insatisfecho
Bucaramanga,2012,Muy seguro,Algo satisfecho
Bucaramanga,2012,Muy seguro,Algo satisfecho
Bucaramanga,2012,Algo seguro,Algo insatisfecho
Bucaramanga,2012,Seguro,Algo insatisfecho
Bucaramanga,2012,Seguro,Algo insatisfecho
Bucaramanga,2012,Seguro,Algo insatisfecho
Bucaramanga,2012,Poco seguro,Algo insatisfecho
Bucaramanga,2012,Seguro,Algo satisfecho
Bucaramanga,2012,Algo seguro,Algo satisfecho
Bucaramanga,2012,Seguro,Muy insatisfecho
Bucaramanga,2012,Muy seguro,Ni satisfecho ni insatisfecho
Bucaramanga,2012,Algo seguro,Ni satisfecho ni insatisfecho
Bucaramanga,2012,Nada seguro,Muy insatisfecho
Bucaramanga,2012,Algo seguro,Algo satisfecho
Bucaramanga,2012,Poco seguro,Algo satisfecho
Bucaramanga,2012,Algo seguro,Algo insatisfecho
Bucaramanga,2012,Nada seguro,Ni satisfecho ni insatisfecho
Bucaramanga,2012,Seguro,Algo satisfecho
Bucaramanga,2012,Muy seguro,Algo satisfecho
Bucaramanga,2012,Algo seguro,Algo insatisfecho
Bucaramanga,2012,Poco seguro,Ni satisfecho ni insatisfecho
Bucaramanga,2012,Algo seguro,Ni satisfecho ni insatisfecho
Bucaramanga,2012,Seguro,Algo insatisfecho
Bucaramanga,2012,Algo seguro,Ni satisfecho ni insatisfecho
Bucaramanga,2012,Poco seguro,Ni satisfecho ni insatisfecho
Bucaramanga,2012,Algo seguro,Ni satisfecho ni insatisfecho
Bucaramanga,2012,Nada seguro,Muy insatisfecho
Bucaramanga,2012,Algo seguro,Algo insatisfecho
Bucaramanga,2012,Seguro,Algo insatisfecho
Bucaramanga,2012,Muy seguro,Ni satisfecho ni insatisfecho
Bucaramanga,2012,Muy seguro,Ni satisfecho ni insatisfecho
Bucaramanga,2012,Algo seguro,Muy insatisfecho
Bucaramanga,2012,Algo seguro,Algo insatisfecho
Bucaramanga,2012,Algo seguro,Algo insatisfecho
Bucaramanga,2012,Seguro,Algo insatisfecho
Bucaramanga,2012,Poco seguro,Algo insatisfecho
Bucaramanga,2012,Seguro,Algo satisfecho
Bucaramanga,2012,Muy seguro,Algo insatisfecho
Bucaramanga,2012,Muy seguro,Algo satisfecho
Bucaramanga,2012,Poco seguro,Algo satisfecho
Bucaramanga,2012,Muy seguro,Algo insatisfecho
Bucaramanga,2012,Algo seguro,Ni satisfecho ni insatisfecho
Bucaramanga,2012,Algo seguro,Ni satisfecho ni insatisfecho
Bucaramanga,2012,Poco seguro,Algo insatisfecho
Bucaramanga,2012,Poco seguro,Algo satisfecho
Bucaramanga,2012,Algo seguro,Algo satisfecho
Bucaramanga,2012,Seguro,Ni satisfecho ni insatisfecho
Bucaramanga,2012,Algo seguro,Ni satisfecho ni insatisfecho
Bucaramanga,2012,Seguro,Ni satisfecho ni insatisfecho
Bucaramanga,2012,Seguro,Ni satisfecho ni insatisfecho
Bucaramanga,2012,Algo seguro,Algo insatisfecho
Bucaramanga,2012,Seguro,Algo insatisfecho
Bucaramanga,2012,Nada seguro,Algo insatisfecho
Bucaramanga,2012,Seguro,Ni satisfecho ni insatisfecho
Bucaramanga,2012,Algo seguro,Algo satisfecho
Bucaramanga,2012,Muy seguro,Algo insatisfecho
Bucaramanga,2012,Algo seguro,Algo insatisfecho
Bucaramanga,2012,Algo seguro,Algo insatisfecho
Bucaramanga,2012,Algo seguro,Ni satisfecho ni insatisfecho
Bucaramanga,2012,Algo seguro,Algo satisfecho
Bucaramanga,2012,Seguro,Ni satisfecho ni insatisfecho
Bucaramanga,2012,Algo seguro,Algo satisfecho
Bucaramanga,2012,Poco seguro,Ni satisfecho ni insatisfecho
Bucaramanga,2012,Algo seguro,Algo insatisfecho
Bucaramanga,2012,Seguro,Algo insatisfecho
Bucaramanga,2012,Poco seguro,Ni satisfecho ni insatisfecho
Bucaramanga,2012,Algo seguro,Algo insatisfecho
Bucaramanga,2012,Seguro,Ni satisfecho ni insatisfecho
Bucaramanga,2012,Algo seguro,Ni satisfecho ni insatisfecho
Bucaramanga,2012,Seguro,Muy insatisfecho
Bucaramanga,2012,Algo seguro,Muy insatisfecho
Bucaramanga,2012,Algo seguro,Algo insatisfecho
Bucaramanga,2012,Algo seguro,Algo satisfecho
Bucaramanga,2012,Seguro,Algo satisfecho
Bucaramanga,2012,Nada seguro,Muy insatisfecho
Bucaramanga,2012,Muy seguro,Muy insatisfecho
Bucaramanga,2012,Muy seguro,Muy insatisfecho
Bucaramanga,2012,Nada seguro,Algo satisfecho
Bucaramanga,2012,Algo seguro,Algo insatisfecho
Bucaramanga,2012,Algo seguro,Algo insatisfecho
Bucaramanga,2012,Algo seguro,Algo insatisfecho
Bucaramanga,2012,Algo seguro,Algo insatisfecho
Bucaramanga,2012,Nada seguro,Algo insatisfecho
Bucaramanga,2012,Poco seguro,Algo satisfecho
Bucaramanga,2012,Algo seguro,Algo satisfecho
Bucaramanga,2012,Seguro,Ni satisfecho ni insatisfecho
Bucaramanga,2012,Seguro,Muy insatisfecho
Bucaramanga,2012,Seguro,Ni satisfecho ni insatisfecho
Bucaramanga,2012,Seguro,Ni satisfecho ni insatisfecho
Bucaramanga,2012,Seguro,Algo insatisfecho
Bucaramanga,2012,Seguro,Ni satisfecho ni insatisfecho
Bucaramanga,2012,Poco seguro,Algo satisfecho
Bucaramanga,2012,Poco seguro,Algo insatisfecho
Bucaramanga,2012,Poco seguro,Algo satisfecho
Bucaramanga,2012,Algo seguro,Ni satisfecho ni insatisfecho
Bucaramanga,2012,Seguro,Ni satisfecho ni insatisfecho
Bucaramanga,2012,Seguro,Algo insatisfecho
Bucaramanga,2012,Muy seguro,Ni satisfecho ni insatisfecho
Bucaramanga,2012,Muy seguro,Algo insatisfecho
Bucaramanga,2012,Muy seguro,Muy satisfecho
Bucaramanga,2012,Seguro,Algo insatisfecho
Bucaramanga,2012,Nada seguro,Algo insatisfecho
Bucaramanga,2012,Algo seguro,Algo insatisfecho
Bucaramanga,2012,Algo seguro,Ni satisfecho ni insatisfecho
Bucaramanga,2012,Algo seguro,Algo insatisfecho
Bucaramanga,2012,Algo seguro,Ni satisfecho ni insatisfecho
Bucaramanga,2012,Seguro,Algo satisfecho
Bucaramanga,2012,Seguro,Algo insatisfecho
Bucaramanga,2012,Algo seguro,Ni satisfecho ni insatisfecho
Bucaramanga,2012,Algo seguro,Algo insatisfecho
Bucaramanga,2012,Algo seguro,Algo insatisfecho
Bucaramanga,2012,Algo seguro,Ni satisfecho ni insatisfecho
Bucaramanga,2012,Muy seguro,Ni satisfecho ni insatisfecho
Bucaramanga,2012,Poco seguro,Algo insatisfecho
Bucaramanga,2012,Seguro,Ni satisfecho ni insatisfecho
Bucaramanga,2012,Seguro,Algo insatisfecho
Bucaramanga,2012,Seguro,Muy insatisfecho
Bucaramanga,2012,Algo seguro,Muy insatisfecho
Bucaramanga,2012,Algo seguro,Muy insatisfecho
Bucaramanga,2012,Muy seguro,Muy insatisfecho
Bucaramanga,2012,Algo seguro,Ni satisfecho ni insatisfecho
Bucaramanga,2012,Seguro,Algo insatisfecho
Bucaramanga,2012,Poco seguro,Algo insatisfecho
Bucaramanga,2012,Seguro,Ni satisfecho ni insatisfecho
Bucaramanga,2012,Nada seguro,Ni satisfecho ni insatisfecho
Bucaramanga,2012,Nada seguro,Muy insatisfecho
Bucaramanga,2012,Algo seguro,Algo insatisfecho
Bucaramanga,2012,Algo seguro,Ni satisfecho ni insatisfecho
Bucaramanga,2012,Muy seguro,Algo satisfecho
Bucaramanga,2012,Muy seguro,Algo insatisfecho
Bucaramanga,2012,Seguro,Muy insatisfecho
Bucaramanga,2012,Algo seguro,Ni satisfecho ni insatisfecho
Bucaramanga,2012,Muy seguro,Ni satisfecho ni insatisfecho
Bucaramanga,2012,Seguro,Ni satisfecho ni insatisfecho
Bucaramanga,2012,Muy seguro,Algo satisfecho
Bucaramanga,2012,Algo seguro,Ni satisfecho ni insatisfecho
Bucaramanga,2012,Algo seguro,Algo satisfecho
Bucaramanga,2012,Seguro,Ni satisfecho ni insatisfecho
Bucaramanga,2012,Algo seguro,Algo insatisfecho
Bucaramanga,2012,Algo seguro,Algo insatisfecho
Bucaramanga,2012,Algo seguro,Ni satisfecho ni insatisfecho
Bucaramanga,2012,Seguro,Algo satisfecho
Bucaramanga,2012,Poco seguro,Ni satisfecho ni insatisfecho
Bucaramanga,2012,Nada seguro,Algo insatisfecho
Bucaramanga,2012,Seguro,Ni satisfecho ni insatisfecho
Bucaramanga,2012,Seguro,Muy insatisfecho
Bucaramanga,2012,Algo seguro,Algo insatisfecho
Bucaramanga,2012,Seguro,Ni satisfecho ni insatisfecho
Bucaramanga,2012,Algo seguro,Ni satisfecho ni insatisfecho
Bucaramanga,2012,Seguro,Muy insatisfecho
Bucaramanga,2012,Poco seguro,Ni satisfecho ni insatisfecho
Bucaramanga,2012,Muy seguro,Muy insatisfecho
Bucaramanga,2012,Seguro,Ni satisfecho ni insatisfecho
Bucaramanga,2012,Muy seguro,Ni satisfecho ni insatisfecho
Bucaramanga,2012,Algo seguro,Ni satisfecho ni insatisfecho
Bucaramanga,2012,Algo seguro,Muy insatisfecho
Bucaramanga,2012,Seguro,Muy insatisfecho
Bucaramanga,2012,Muy seguro,Algo insatisfecho
Bucaramanga,2012,Seguro,Algo insatisfecho
Bucaramanga,2012,Muy seguro,Algo satisfecho
Bucaramanga,2012,Algo seguro,Muy insatisfecho
Bucaramanga,2012,Algo seguro,Ni satisfecho ni insatisfecho
Bucaramanga,2012,Algo seguro,Algo insatisfecho
Bucaramanga,2012,Muy seguro,Muy insatisfecho
Bucaramanga,2012,Seguro,Ni satisfecho ni insatisfecho
Bucaramanga,2012,Nada seguro,Algo satisfecho
Bucaramanga,2012,Algo seguro,Muy insatisfecho
Bucaramanga,2012,Algo seguro,Algo insatisfecho
Bucaramanga,2012,Seguro,Ni satisfecho ni insatisfecho
Bucaramanga,2012,Seguro,Ni satisfecho ni insatisfecho
Bucaramanga,2012,Seguro,Algo satisfecho
Bucaramanga,2012,Poco seguro,Muy satisfecho
Bucaramanga,2012,Nada seguro,Ni satisfecho ni insatisfecho
Bucaramanga,2012,Algo seguro,Ni satisfecho ni insatisfecho
Bucaramanga,2012,Algo seguro,Ni satisfecho ni insatisfecho
Bucaramanga,2012,Seguro,Ni satisfecho ni insatisfecho
Bucaramanga,2012,Poco seguro,Algo insatisfecho
Bucaramanga,2012,Algo seguro,Muy insatisfecho
Bucaramanga,2012,Algo seguro,Ni satisfecho ni insatisfecho
Bucaramanga,2012,Poco seguro,Ni satisfecho ni insatisfecho
Bucaramanga,2012,Seguro,Ni satisfecho ni insatisfecho
Bucaramanga,2012,Algo seguro,Ni satisfecho ni insatisfecho
Bucaramanga,2012,Algo seguro,Algo insatisfecho
Bucaramanga,2012,Seguro,Ni satisfecho ni insatisfecho
Bucaramanga,2012,Seguro,Algo satisfecho
Bucaramanga,2012,Muy seguro,Muy insatisfecho
Bucaramanga,2012,Seguro,Muy insatisfecho
Bucaramanga,2012,Algo seguro,Ni satisfecho ni insatisfecho
Bucaramanga,2012,Muy seguro,Algo satisfecho
Bucaramanga,2012,Poco seguro,Algo insatisfecho
Bucaramanga,2012,Poco seguro,Muy insatisfecho
Bucaramanga,2012,Nada seguro,Ni satisfecho ni insatisfecho
Bucaramanga,2012,Algo seguro,Muy insatisfecho
Bucaramanga,2012,Muy seguro,Muy insatisfecho
Bucaramanga,2012,Algo seguro,Algo satisfecho
Bucaramanga,2012,Algo seguro,Algo insatisfecho
Bucaramanga,2012,Poco seguro,Muy insatisfecho
Bucaramanga,2012,Muy seguro,Algo insatisfecho
Bucaramanga,2012,Algo seguro,Ni satisfecho ni insatisfecho
Bucaramanga,2012,Poco seguro,Algo satisfecho
Bucaramanga,2012,Algo seguro,Ni satisfecho ni insatisfecho
Bucaramanga,2012,Algo seguro,Ni satisfecho ni insatisfecho
Bucaramanga,2012,Algo seguro,Muy insatisfecho
Bucaramanga,2012,Algo seguro,Ni satisfecho ni insatisfecho
Bucaramanga,2012,Algo seguro,Ni satisfecho ni insatisfecho
Bucaramanga,2012,Poco seguro,Ni satisfecho ni insatisfecho
Bucaramanga,2012,Seguro,Ni satisfecho ni insatisfecho
Bucaramanga,2012,Seguro,Algo satisfecho
Bucaramanga,2012,Seguro,Ni satisfecho ni insatisfecho
Bucaramanga,2012,Algo seguro,Ni satisfecho ni insatisfecho
Bucaramanga,2012,Seguro,Ni satisfecho ni insatisfecho
Bucaramanga,2012,Seguro,Algo insatisfecho
Bucaramanga,2012,Algo seguro,Ni satisfecho ni insatisfecho
Bucaramanga,2012,Seguro,Ni satisfecho ni insatisfecho
Bucaramanga,2012,Algo seguro,Algo insatisfecho
Bucaramanga,2012,Seguro,Algo insatisfecho
Bucaramanga,2012,Seguro,Algo satisfecho
Bucaramanga,2012,Poco seguro,Muy insatisfecho
Bucaramanga,2012,Muy seguro,Muy insatisfecho
Bucaramanga,2013,Poco seguro,Ni satisfecho ni insatisfecho
Bucaramanga,2013,Seguro,Ni satisfecho ni insatisfecho
Bucaramanga,2013,Algo seguro,Muy satisfecho
Bucaramanga,2013,Algo seguro,Algo insatisfecho
Bucaramanga,2013,Poco seguro,Ni satisfecho ni insatisfecho
Bucaramanga,2013,Algo seguro,Algo insatisfecho
Bucaramanga,2013,Algo seguro,Algo insatisfecho
Bucaramanga,2013,Muy seguro,Algo satisfecho
Bucaramanga,2013,Muy seguro,Algo satisfecho
Bucaramanga,2013,Poco seguro,Muy insatisfecho
Bucaramanga,2013,Poco seguro,Ni satisfecho ni insatisfecho
Bucaramanga,2013,Nada seguro,Algo insatisfecho
Bucaramanga,2013,Algo seguro,Ni satisfecho ni insatisfecho
Bucaramanga,2013,Nada seguro,Algo insatisfecho
Bucaramanga,2013,Algo seguro,Algo insatisfecho
Bucaramanga,2013,Algo seguro,Algo insatisfecho
Bucaramanga,2013,Muy seguro,Algo insatisfecho
Bucaramanga,2013,Seguro,Algo insatisfecho
Bucaramanga,2013,Poco seguro,Ni satisfecho ni insatisfecho
Bucaramanga,2013,Algo seguro,Algo satisfecho
Bucaramanga,2013,Seguro,Algo insatisfecho
Bucaramanga,2013,Seguro,Algo insatisfecho
Bucaramanga,2013,Algo seguro,Ni satisfecho ni insatisfecho
Bucaramanga,2013,Seguro,Algo satisfecho
Bucaramanga,2013,Algo seguro,Ni satisfecho ni insatisfecho
Bucaramanga,2013,Muy seguro,Muy insatisfecho
Bucaramanga,2013,Seguro,Ni satisfecho ni insatisfecho
Bucaramanga,2013,Nada seguro,Algo insatisfecho
Bucaramanga,2013,Algo seguro,Ni satisfecho ni insatisfecho
Bucaramanga,2013,Nada seguro,Algo insatisfecho
Bucaramanga,2013,Nada seguro,Ni satisfecho ni insatisfecho
Bucaramanga,2013,Algo seguro,Algo insatisfecho
Bucaramanga,2013,Poco seguro,Ni satisfecho ni insatisfecho
Bucaramanga,2013,Seguro,Algo satisfecho
Bucaramanga,2013,Poco seguro,Algo satisfecho
Bucaramanga,2013,Algo seguro,Algo satisfecho
Bucaramanga,2013,Algo seguro,Algo satisfecho
Bucaramanga,2013,Nada seguro,Ni satisfecho ni insatisfecho
Bucaramanga,2013,Nada seguro,Ni satisfecho ni insatisfecho
Bucaramanga,2013,Poco seguro,Ni satisfecho ni insatisfecho
Bucaramanga,2013,Muy seguro,Muy insatisfecho
Bucaramanga,2013,Seguro,Algo insatisfecho
Bucaramanga,2013,Algo seguro,Ni satisfecho ni insatisfecho
Bucaramanga,2013,Algo seguro,Ni satisfecho ni insatisfecho
Bucaramanga,2013,Nada seguro,Ni satisfecho ni insatisfecho
Bucaramanga,2013,Nada seguro,Algo insatisfecho
Bucaramanga,2013,Nada seguro,Muy insatisfecho
Bucaramanga,2013,Muy seguro,Algo satisfecho
Bucaramanga,2013,Algo seguro,Muy insatisfecho
Bucaramanga,2013,Seguro,Algo satisfecho
Bucaramanga,2013,Algo seguro,Algo insatisfecho
Bucaramanga,2013,Algo seguro,Ni satisfecho ni insatisfecho
Bucaramanga,2013,Seguro,Algo insatisfecho
Bucaramanga,2013,Poco seguro,Ni satisfecho ni insatisfecho
Bucaramanga,2013,Seguro,Algo insatisfecho
Bucaramanga,2013,Poco seguro,Algo insatisfecho
Bucaramanga,2013,Seguro,Ni satisfecho ni insatisfecho
Bucaramanga,2013,Muy seguro,Muy insatisfecho
Bucaramanga,2013,Muy seguro,Algo satisfecho
Bucaramanga,2013,Algo seguro,Ni satisfecho ni insatisfecho
Bucaramanga,2013,Muy seguro,Muy insatisfecho
Bucaramanga,2013,Algo seguro,Muy insatisfecho
Bucaramanga,2013,Muy seguro,Ni satisfecho ni insatisfecho
Bucaramanga,2013,Algo seguro,Muy insatisfecho
Bucaramanga,2013,Nada seguro,Ni satisfecho ni insatisfecho
Bucaramanga,2013,Algo seguro,Ni satisfecho ni insatisfecho
Bucaramanga,2013,Seguro,Ni satisfecho ni insatisfecho
Bucaramanga,2013,Poco seguro,Muy insatisfecho
Bucaramanga,2013,Seguro,Algo insatisfecho
Bucaramanga,2013,Algo seguro,Algo insatisfecho
Bucaramanga,2013,Algo seguro,Muy insatisfecho
Bucaramanga,2013,Seguro,Algo insatisfecho
Bucaramanga,2013,Algo seguro,Algo satisfecho
Bucaramanga,2013,Seguro,Algo insatisfecho
Bucaramanga,2013,Poco seguro,Ni satisfecho ni insatisfecho
Bucaramanga,2013,Algo seguro,Algo satisfecho
Bucaramanga,2013,Algo seguro,Ni satisfecho ni insatisfecho
Bucaramanga,2013,Muy seguro,Ni satisfecho ni insatisfecho
Bucaramanga,2013,Seguro,Algo satisfecho
Bucaramanga,2013,Poco seguro,Algo insatisfecho
Bucaramanga,2013,Seguro,Ni satisfecho ni insatisfecho
Bucaramanga,2013,Seguro,Algo satisfecho
Bucaramanga,2013,Algo seguro,Algo insatisfecho
Bucaramanga,2013,Muy seguro,Muy satisfecho
Bucaramanga,2013,Algo seguro,Ni satisfecho ni insatisfecho
Bucaramanga,2013,Seguro,Ni satisfecho ni insatisfecho
Bucaramanga,2013,Seguro,Algo satisfecho
Bucaramanga,2013,Algo seguro,Algo insatisfecho
Bucaramanga,2013,Poco seguro,Ni satisfecho ni insatisfecho
Bucaramanga,2013,Seguro,Algo insatisfecho
Bucaramanga,2013,Seguro,Ni satisfecho ni insatisfecho
Bucaramanga,2013,Seguro,Ni satisfecho ni insatisfecho
Bucaramanga,2013,Algo seguro,Ni satisfecho ni insatisfecho
Bucaramanga,2013,Seguro,Ni satisfecho ni insatisfecho
Bucaramanga,2013,Algo seguro,Algo insatisfecho
Bucaramanga,2013,Seguro,Ni satisfecho ni insatisfecho
Bucaramanga,2013,Poco seguro,Algo insatisfecho
Bucaramanga,2013,Algo seguro,Algo insatisfecho
Bucaramanga,2013,Poco seguro,Ni satisfecho ni insatisfecho
Bucaramanga,2013,Algo seguro,Ni satisfecho ni insatisfecho
Bucaramanga,2013,Nada seguro,Algo insatisfecho
Bucaramanga,2013,Algo seguro,Ni satisfecho ni insatisfecho
Bucaramanga,2013,Nada seguro,Algo insatisfecho
Bucaramanga,2013,Nada seguro,Muy insatisfecho
Bucaramanga,2013,Muy seguro,Algo satisfecho
Bucaramanga,2013,Algo seguro,Algo insatisfecho
Bucaramanga,2013,Muy seguro,Ni satisfecho ni insatisfecho
Bucaramanga,2013,Seguro,Algo satisfecho
Bucaramanga,2013,Poco seguro,Muy insatisfecho
Bucaramanga,2013,Muy seguro,Algo insatisfecho
Bucaramanga,2013,Poco seguro,Muy satisfecho
Bucaramanga,2013,Algo seguro,Ni satisfecho ni insatisfecho
Bucaramanga,2013,Algo seguro,Algo insatisfecho
Bucaramanga,2013,Seguro,Algo insatisfecho
Bucaramanga,2013,Algo seguro,Ni satisfecho ni insatisfecho
Bucaramanga,2013,Algo seguro,Ni satisfecho ni insatisfecho
Bucaramanga,2013,Algo seguro,Ni satisfecho ni insatisfecho
Bucaramanga,2013,Nada seguro,Muy insatisfecho
Bucaramanga,2013,Algo seguro,Ni satisfecho ni insatisfecho
Bucaramanga,2013,Seguro,Algo satisfecho
Bucaramanga,2013,Algo seguro,Ni satisfecho ni insatisfecho
Bucaramanga,2013,Seguro,Algo satisfecho
Bucaramanga,2013,Algo seguro,Ni satisfecho ni insatisfecho
Bucaramanga,2013,Poco seguro,Algo satisfecho
Bucaramanga,2013,Algo seguro,Algo satisfecho
Bucaramanga,2013,Seguro,Ni satisfecho ni insatisfecho
Bucaramanga,2013,Poco seguro,Algo satisfecho
Bucaramanga,2013,Poco seguro,Algo satisfecho
Bucaramanga,2013,Seguro,Algo insatisfecho
Bucaramanga,2013,Poco seguro,Algo satisfecho
Bucaramanga,2013,Seguro,Algo satisfecho
Bucaramanga,2013,Poco seguro,Algo satisfecho
Bucaramanga,2013,Algo seguro,Algo satisfecho
Bucaramanga,2013,Muy seguro,Ni satisfecho ni insatisfecho
Bucaramanga,2013,Poco seguro,Ni satisfecho ni insatisfecho
Bucaramanga,2013,Muy seguro,Algo insatisfecho
Bucaramanga,2013,Algo seguro,Muy insatisfecho
Bucaramanga,2013,Seguro,Muy insatisfecho
Bucaramanga,2013,Poco seguro,Algo satisfecho
Bucaramanga,2013,Algo seguro,Ni satisfecho ni insatisfecho
Bucaramanga,2013,Poco seguro,Algo insatisfecho
Bucaramanga,2013,Algo seguro,Ni satisfecho ni insatisfecho
Bucaramanga,2013,Poco seguro,Algo insatisfecho
Bucaramanga,2013,Algo seguro,Ni satisfecho ni insatisfecho
Bucaramanga,2013,Algo seguro,Algo insatisfecho
Bucaramanga,2013,Algo seguro,Ni satisfecho ni insatisfecho
Bucaramanga,2013,Muy seguro,Muy insatisfecho
Bucaramanga,2013,Seguro,Ni satisfecho ni insatisfecho
Bucaramanga,2013,Seguro,Ni satisfecho ni insatisfecho
Bucaramanga,2013,Nada seguro,Ni satisfecho ni insatisfecho
Bucaramanga,2013,Algo seguro,Algo insatisfecho
Bucaramanga,2013,Algo seguro,Ni satisfecho ni insatisfecho
Bucaramanga,2013,Seguro,Ni satisfecho ni insatisfecho
Bucaramanga,2013,Seguro,Algo insatisfecho
Bucaramanga,2013,Poco seguro,Ni satisfecho ni insatisfecho
Bucaramanga,2013,Muy seguro,Algo satisfecho
Bucaramanga,2013,Poco seguro,Algo satisfecho
Bucaramanga,2013,Algo seguro,Ni satisfecho ni insatisfecho
Bucaramanga,2013,Nada seguro,Muy insatisfecho
Bucaramanga,2013,Algo seguro,Algo satisfecho
Bucaramanga,2013,Algo seguro,Ni satisfecho ni insatisfecho
Bucaramanga,2013,Muy seguro,Algo insatisfecho
Bucaramanga,2013,Seguro,Muy satisfecho
Bucaramanga,2013,Seguro,Ni satisfecho ni insatisfecho
Bucaramanga,2013,Algo seguro,Algo satisfecho
Bucaramanga,2013,Seguro,Algo satisfecho
Bucaramanga,2013,Nada seguro,Algo insatisfecho
Bucaramanga,2013,Seguro,Ni satisfecho ni insatisfecho
Bucaramanga,2013,Seguro,Ni satisfecho ni insatisfecho
Bucaramanga,2013,Algo seguro,Algo insatisfecho
Bucaramanga,2013,Seguro,Algo satisfecho
Bucaramanga,2013,Algo seguro,Ni satisfecho ni insatisfecho
Bucaramanga,2013,Seguro,Ni satisfecho ni insatisfecho
Bucaramanga,2013,Poco seguro,Ni satisfecho ni insatisfecho
Bucaramanga,2013,Algo seguro,Ni satisfecho ni insatisfecho
Bucaramanga,2013,Seguro,Algo satisfecho
Bucaramanga,2013,Muy seguro,Ni satisfecho ni insatisfecho
Bucaramanga,2013,Algo seguro,Algo satisfecho
Bucaramanga,2013,Nada seguro,Ni satisfecho ni insatisfecho
Bucaramanga,2013,Muy seguro,Muy satisfecho
Bucaramanga,2013,Poco seguro,Ni satisfecho ni insatisfecho
Bucaramanga,2013,Nada seguro,Algo satisfecho
Bucaramanga,2013,Seguro,Ni satisfecho ni insatisfecho
Bucaramanga,2013,Muy seguro,Muy insatisfecho
Bucaramanga,2013,Muy seguro,Ni satisfecho ni insatisfecho
Bucaramanga,2013,Seguro,Ni satisfecho ni insatisfecho
Bucaramanga,2013,Muy seguro,Algo insatisfecho
Bucaramanga,2013,Seguro,Ni satisfecho ni insatisfecho
Bucaramanga,2013,Poco seguro,Ni satisfecho ni insatisfecho
Bucaramanga,2013,Seguro,Algo insatisfecho
Bucaramanga,2013,Muy seguro,Ni satisfecho ni insatisfecho
Bucaramanga,2013,Nada seguro,Algo satisfecho
Bucaramanga,2013,Poco seguro,Algo insatisfecho
Bucaramanga,2013,Muy seguro,Algo satisfecho
Bucaramanga,2013,Algo seguro,Ni satisfecho ni insatisfecho
Bucaramanga,2013,Algo seguro,Ni satisfecho ni insatisfecho
Bucaramanga,2013,Poco seguro,Ni satisfecho ni insatisfecho
Bucaramanga,2013,Algo seguro,Ni satisfecho ni insatisfecho
Bucaramanga,2013,Muy seguro,Algo satisfecho
Bucaramanga,2013,Seguro,Ni satisfecho ni insatisfecho
Bucaramanga,2013,Seguro,Muy insatisfecho
Bucaramanga,2013,Muy seguro,Ni satisfecho ni insatisfecho
Bucaramanga,2013,Seguro,Ni satisfecho ni insatisfecho
Bucaramanga,2013,Muy seguro,Algo insatisfecho
Bucaramanga,2013,Algo seguro,Ni satisfecho ni insatisfecho
Bucaramanga,2013,Poco seguro,Muy insatisfecho
Bucaramanga,2013,Nada seguro,Muy insatisfecho
Bucaramanga,2013,Algo seguro,Muy insatisfecho
Bucaramanga,2013,Algo seguro,Muy insatisfecho
Bucaramanga,2013,Seguro,Algo insatisfecho
Bucaramanga,2013,Seguro,Algo insatisfecho
Bucaramanga,2013,Algo seguro,Algo insatisfecho
Bucaramanga,2013,Algo seguro,Ni satisfecho ni insatisfecho
Bucaramanga,2013,Algo seguro,Ni satisfecho ni insatisfecho
Bucaramanga,2013,Poco seguro,Algo insatisfecho
Bucaramanga,2013,Poco seguro,Ni satisfecho ni insatisfecho
Bucaramanga,2013,Algo seguro,Algo insatisfecho
Bucaramanga,2013,Algo seguro,Ni satisfecho ni insatisfecho
Bucaramanga,2013,Poco seguro,Algo insatisfecho
Bucaramanga,2013,Algo seguro,Algo insatisfecho
Bucaramanga,2013,Algo seguro,Ni satisfecho ni insatisfecho
Bucaramanga,2013,Seguro,Muy insatisfecho
Bucaramanga,2013,Poco seguro,Ni satisfecho ni insatisfecho
Bucaramanga,2013,Seguro,Algo insatisfecho
Bucaramanga,2013,Seguro,Muy insatisfecho
Bucaramanga,2013,Seguro,Muy insatisfecho
Bucaramanga,2013,Algo seguro,Muy insatisfecho
Bucaramanga,2013,Algo seguro,Algo insatisfecho
Bucaramanga,2013,Algo seguro,Ni satisfecho ni insatisfecho
Bucaramanga,2013,Poco seguro,Muy insatisfecho
Bucaramanga,2013,Algo seguro,Ni satisfecho ni insatisfecho
Bucaramanga,2013,Poco seguro,Algo insatisfecho
Bucaramanga,2013,Seguro,Algo insatisfecho
Bucaramanga,2013,Poco seguro,Ni satisfecho ni insatisfecho
Bucaramanga,2013,Algo seguro,Ni satisfecho ni insatisfecho
Bucaramanga,2013,Algo seguro,Ni satisfecho ni insatisfecho
Bucaramanga,2013,Algo seguro,Algo satisfecho
Bucaramanga,2013,Seguro,Algo satisfecho
Bucaramanga,2013,Algo seguro,Muy insatisfecho
Bucaramanga,2013,Seguro,Muy insatisfecho
Bucaramanga,2013,Algo seguro,Muy insatisfecho
Bucaramanga,2013,Algo seguro,Ni satisfecho ni insatisfecho
Bucaramanga,2013,Algo seguro,Algo satisfecho
Bucaramanga,2013,Algo seguro,Ni satisfecho ni insatisfecho
Bucaramanga,2013,Algo seguro,Algo insatisfecho
Bucaramanga,2013,Poco seguro,Muy insatisfecho
Bucaramanga,2013,Poco seguro,Ni satisfecho ni insatisfecho
Bucaramanga,2013,Algo seguro,Algo insatisfecho
Bucaramanga,2013,Algo seguro,Ni satisfecho ni insatisfecho
Bucaramanga,2013,Algo seguro,Ni satisfecho ni insatisfecho
Bucaramanga,2013,Seguro,Muy insatisfecho
Bucaramanga,2013,Poco seguro,Ni satisfecho ni insatisfecho
Bucaramanga,2013,Seguro,Ni satisfecho ni insatisfecho
Bucaramanga,2013,Algo seguro,Algo insatisfecho
Bucaramanga,2013,Algo seguro,Ni satisfecho ni insatisfecho
Bucaramanga,2013,Poco seguro,Muy insatisfecho
Bucaramanga,2013,Algo seguro,Algo insatisfecho
Bucaramanga,2013,Nada seguro,Ni satisfecho ni insatisfecho
Bucaramanga,2013,Muy seguro,Ni satisfecho ni insatisfecho
Bucaramanga,2013,Nada seguro,Algo insatisfecho
Bucaramanga,2013,Seguro,Algo satisfecho
Bucaramanga,2013,Algo seguro,Ni satisfecho ni insatisfecho
Bucaramanga,2013,Poco seguro,Algo satisfecho
Bucaramanga,2013,Seguro,Algo satisfecho
Bucaramanga,2013,Nada seguro,Algo insatisfecho
Bucaramanga,2013,Seguro,Ni satisfecho ni insatisfecho
Bucaramanga,2013,Seguro,Algo satisfecho
Bucaramanga,2013,Poco seguro,Algo insatisfecho
Bucaramanga,2013,Seguro,Ni satisfecho ni insatisfecho
Bucaramanga,2013,Seguro,Muy insatisfecho
Bucaramanga,2013,Algo seguro,Algo satisfecho
Bucaramanga,2013,Seguro,Ni satisfecho ni insatisfecho
Bucaramanga,2013,Seguro,Ni satisfecho ni insatisfecho
Bucaramanga,2013,Poco seguro,Ni satisfecho ni insatisfecho
Bucaramanga,2013,Algo seguro,Algo satisfecho
Bucaramanga,2013,Algo seguro,Ni satisfecho ni insatisfecho
Bucaramanga,2013,Muy seguro,Algo satisfecho
Bucaramanga,2013,Algo seguro,Muy insatisfecho
Bucaramanga,2013,Algo seguro,Muy insatisfecho
Bucaramanga,2013,Algo seguro,Ni satisfecho ni insatisfecho
Bucaramanga,2013,Muy seguro,Ni satisfecho ni insatisfecho
Bucaramanga,2013,Seguro,Ni satisfecho ni insatisfecho
Bucaramanga,2013,Algo seguro,Algo insatisfecho
Bucaramanga,2013,Algo seguro,Algo insatisfecho
Bucaramanga,2013,Poco seguro,Muy insatisfecho
Bucaramanga,2013,Nada seguro,Algo insatisfecho
Bucaramanga,2013,Poco seguro,Algo insatisfecho
Bucaramanga,2013,Seguro,Ni satisfecho ni insatisfecho
Bucaramanga,2013,Poco seguro,Muy insatisfecho
Bucaramanga,2013,Seguro,Ni satisfecho ni insatisfecho
Bucaramanga,2013,Poco seguro,Muy insatisfecho
Bucaramanga,2013,Algo seguro,Ni satisfecho ni insatisfecho
Bucaramanga,2013,Seguro,Ni satisfecho ni insatisfecho
Bucaramanga,2013,Seguro,Ni satisfecho ni insatisfecho
Bucaramanga,2013,Algo seguro,Algo insatisfecho
Bucaramanga,2013,Poco seguro,Muy insatisfecho
Bucaramanga,2013,Algo seguro,Ni satisfecho ni insatisfecho
Bucaramanga,2013,Seguro,Ni satisfecho ni insatisfecho
Bucaramanga,2013,Algo seguro,Algo satisfecho
Bucaramanga,2013,Algo seguro,Ni satisfecho ni insatisfecho
Bucaramanga,2013,Seguro,Ni satisfecho ni insatisfecho
Bucaramanga,2013,Seguro,Algo satisfecho
Bucaramanga,2013,Algo seguro,Ni satisfecho ni insatisfecho
Bucaramanga,2013,Poco seguro,Algo satisfecho
Bucaramanga,2013,Algo seguro,Algo satisfecho
Bucaramanga,2013,Nada seguro,Muy insatisfecho
Bucaramanga,2013,Nada seguro,Muy insatisfecho
Bucaramanga,2013,Poco seguro,Ni satisfecho ni insatisfecho
Bucaramanga,2013,Muy seguro,Algo insatisfecho
Bucaramanga,2013,Seguro,Ni satisfecho ni insatisfecho
Bucaramanga,2013,Seguro,Ni satisfecho ni insatisfecho
Bucaramanga,2013,Poco seguro,Ni satisfecho ni insatisfecho
Bucaramanga,2013,Algo seguro,Ni satisfecho ni insatisfecho
Bucaramanga,2013,Seguro,Ni satisfecho ni insatisfecho
Bucaramanga,2013,Seguro,Ni satisfecho ni insatisfecho
Bucaramanga,2013,Muy seguro,Ni satisfecho ni insatisfecho
Bucaramanga,2013,Nada seguro,Ni satisfecho ni insatisfecho
Bucaramanga,2013,Poco seguro,Muy insatisfecho
Bucaramanga,2013,Algo seguro,Algo insatisfecho
Bucaramanga,2013,Seguro,Algo insatisfecho
Bucaramanga,2013,Nada seguro,Algo insatisfecho
Bucaramanga,2013,Algo seguro,Algo insatisfecho
Bucaramanga,2013,Algo seguro,Algo satisfecho
Bucaramanga,2013,Algo seguro,Algo insatisfecho
Bucaramanga,2013,Seguro,Ni satisfecho ni insatisfecho
Bucaramanga,2013,Algo seguro,Ni satisfecho ni insatisfecho
Bucaramanga,2013,Algo seguro,Algo satisfecho
Bucaramanga,2013,Seguro,Muy insatisfecho
Bucaramanga,2013,Seguro,Algo satisfecho
Bucaramanga,2013,Poco seguro,Muy insatisfecho
Bucaramanga,2013,Poco seguro,Algo insatisfecho
Bucaramanga,2013,Nada seguro,Algo insatisfecho
Bucaramanga,2013,Poco seguro,Algo insatisfecho
Bucaramanga,2013,Algo seguro,Algo insatisfecho
Bucaramanga,2013,Poco seguro,Muy insatisfecho
Bucaramanga,2013,Seguro,Algo insatisfecho
Bucaramanga,2013,Nada seguro,Ni satisfecho ni insatisfecho
Bucaramanga,2013,Muy seguro,Algo insatisfecho
Bucaramanga,2013,Poco seguro,Algo satisfecho
Bucaramanga,2013,Seguro,Ni satisfecho ni insatisfecho
Bucaramanga,2013,Nada seguro,Muy insatisfecho
Bucaramanga,2013,Algo seguro,Ni satisfecho ni insatisfecho
Bucaramanga,2013,Algo seguro,Algo insatisfecho
Bucaramanga,2013,Poco seguro,Ni satisfecho ni insatisfecho
Bucaramanga,2013,Algo seguro,Algo insatisfecho
Bucaramanga,2013,Algo seguro,Algo insatisfecho
Bucaramanga,2013,Poco seguro,Ni satisfecho ni insatisfecho
Bucaramanga,2013,Algo seguro,Ni satisfecho ni insatisfecho
Bucaramanga,2013,Seguro,Algo insatisfecho
Bucaramanga,2013,Algo seguro,Algo insatisfecho
Bucaramanga,2013,Algo seguro,Ni satisfecho ni insatisfecho
Bucaramanga,2013,Algo seguro,Algo insatisfecho
Bucaramanga,2013,Algo seguro,Ni satisfecho ni insatisfecho
Bucaramanga,2013,Algo seguro,Algo insatisfecho
Bucaramanga,2013,Algo seguro,Muy insatisfecho
Bucaramanga,2013,Algo seguro,Ni satisfecho ni insatisfecho
Bucaramanga,2013,Nada seguro,Algo insatisfecho
Bucaramanga,2013,Algo seguro,Algo insatisfecho
Bucaramanga,2013,Seguro,Algo insatisfecho
Bucaramanga,2013,Algo seguro,Ni satisfecho ni insatisfecho
Bucaramanga,2013,Algo seguro,Ni satisfecho ni insatisfecho
Bucaramanga,2013,Seguro,Algo satisfecho
Bucaramanga,2013,Seguro,Ni satisfecho ni insatisfecho
Bucaramanga,2013,Seguro,Muy insatisfecho
Bucaramanga,2013,Algo seguro,Algo insatisfecho
Bucaramanga,2013,Algo seguro,Algo satisfecho
Bucaramanga,2013,Algo seguro,Ni satisfecho ni insatisfecho
Bucaramanga,2013,Poco seguro,Algo insatisfecho
Bucaramanga,2013,Seguro,Ni satisfecho ni insatisfecho
Bucaramanga,2013,Seguro,Algo satisfecho
Bucaramanga,2013,Algo seguro,Ni satisfecho ni insatisfecho
Bucaramanga,2013,Algo seguro,Ni satisfecho ni insatisfecho
Bucaramanga,2013,Algo seguro,Algo insatisfecho
Bucaramanga,2013,Algo seguro,Algo insatisfecho
Bucaramanga,2013,Algo seguro,Muy insatisfecho
Bucaramanga,2013,Muy seguro,Ni satisfecho ni insatisfecho
Bucaramanga,2013,Muy seguro,Algo insatisfecho
Bucaramanga,2013,Algo seguro,Algo insatisfecho
Bucaramanga,2013,Algo seguro,Algo insatisfecho
Bucaramanga,2013,Seguro,Algo insatisfecho
Bucaramanga,2013,Poco seguro,Ni satisfecho ni insatisfecho
Bucaramanga,2013,Seguro,Algo insatisfecho
Bucaramanga,2013,Poco seguro,Algo insatisfecho
Bucaramanga,2013,Algo seguro,Ni satisfecho ni insatisfecho
Bucaramanga,2013,Algo seguro,Ni satisfecho ni insatisfecho
Bucaramanga,2013,Poco seguro,Ni satisfecho ni insatisfecho
Bucaramanga,2013,Seguro,Ni satisfecho ni insatisfecho
Bucaramanga,2013,Algo seguro,Ni satisfecho ni insatisfecho
Bucaramanga,2013,Algo seguro,Algo insatisfecho
Bucaramanga,2013,Algo seguro,Ni satisfecho ni insatisfecho
Bucaramanga,2013,Algo seguro,Algo satisfecho
Bucaramanga,2013,Algo seguro,Algo satisfecho
Bucaramanga,2013,Seguro,Algo satisfecho
Bucaramanga,2013,Algo seguro,Ni satisfecho ni insatisfecho
Bucaramanga,2013,Algo seguro,Algo insatisfecho
Bucaramanga,2013,Algo seguro,Algo insatisfecho
Bucaramanga,2013,Seguro,Algo insatisfecho
Bucaramanga,2013,Algo seguro,Algo insatisfecho
Bucaramanga,2013,Poco seguro,Algo insatisfecho
Bucaramanga,2013,Poco seguro,Muy insatisfecho
Bucaramanga,2013,Muy seguro,Ni satisfecho ni insatisfecho
Bucaramanga,2013,Seguro,Ni satisfecho ni insatisfecho
Bucaramanga,2013,Poco seguro,Algo insatisfecho
Bucaramanga,2013,Muy seguro,Ni satisfecho ni insatisfecho
Bucaramanga,2013,Seguro,Algo insatisfecho
Bucaramanga,2013,Algo seguro,Algo insatisfecho
Bucaramanga,2013,Seguro,Algo insatisfecho
Bucaramanga,2013,Seguro,Muy satisfecho
Bucaramanga,2013,Poco seguro,Ni satisfecho ni insatisfecho
Bucaramanga,2013,Muy seguro,Ni satisfecho ni insatisfecho
Bucaramanga,2013,Seguro,Algo satisfecho
Bucaramanga,2013,Algo seguro,Algo insatisfecho
Bucaramanga,2013,Algo seguro,Algo satisfecho
Bucaramanga,2013,Muy seguro,Ni satisfecho ni insatisfecho
Bucaramanga,2013,Muy seguro,Algo insatisfecho
Bucaramanga,2013,Algo seguro,Ni satisfecho ni insatisfecho
Bucaramanga,2013,Poco seguro,Muy insatisfecho
Bucaramanga,2013,Seguro,Muy insatisfecho
Bucaramanga,2013,Seguro,Ni satisfecho ni insatisfecho
Bucaramanga,2013,Algo seguro,Muy insatisfecho
Bucaramanga,2013,Poco seguro,Muy insatisfecho
Bucaramanga,2013,Muy seguro,Algo insatisfecho
Bucaramanga,2013,Algo seguro,Muy insatisfecho
Bucaramanga,2013,Muy seguro,Ni satisfecho ni insatisfecho
Bucaramanga,2013,Muy seguro,Algo insatisfecho
Bucaramanga,2013,Algo seguro,Ni satisfecho ni insatisfecho
Bucaramanga,2013,Muy seguro,Ni satisfecho ni insatisfecho
Bucaramanga,2013,Algo seguro,Ni satisfecho ni insatisfecho
Bucaramanga,2013,Muy seguro,Muy insatisfecho
Bucaramanga,2013,Algo seguro,Muy insatisfecho
Bucaramanga,2013,Muy seguro,Ni satisfecho ni insatisfecho
Bucaramanga,2013,Algo seguro,Algo insatisfecho
Bucaramanga,2013,Algo seguro,Ni satisfecho ni insatisfecho
Bucaramanga,2013,Nada seguro,Algo insatisfecho
Bucaramanga,2013,Muy seguro,Muy insatisfecho
Bucaramanga,2013,Muy seguro,Ni satisfecho ni insatisfecho
Bucaramanga,2013,Algo seguro,Muy insatisfecho
Bucaramanga,2013,Algo seguro,Muy insatisfecho
Bucaramanga,2013,Muy seguro,Ni satisfecho ni insatisfecho
Bucaramanga,2013,Poco seguro,Ni satisfecho ni insatisfecho
Bucaramanga,2013,Algo seguro,Muy insatisfecho
Bucaramanga,2013,Algo seguro,Algo satisfecho
Bucaramanga,2013,Algo seguro,Ni satisfecho ni insatisfecho
Bucaramanga,2013,Muy seguro,Muy insatisfecho
Bucaramanga,2013,Algo seguro,Algo insatisfecho
Bucaramanga,2013,Nada seguro,Ni satisfecho ni insatisfecho
Bucaramanga,2013,Seguro,Ni satisfecho ni insatisfecho
Bucaramanga,2013,Poco seguro,Algo insatisfecho
Bucaramanga,2013,Muy seguro,Muy insatisfecho
Bucaramanga,2013,Algo seguro,Algo insatisfecho
Bucaramanga,2013,Algo seguro,Ni satisfecho ni insatisfecho
Bucaramanga,2013,Poco seguro,Algo insatisfecho
Bucaramanga,2013,Algo seguro,Algo insatisfecho
Bucaramanga,2013,Algo seguro,Algo insatisfecho
Bucaramanga,2013,Algo seguro,Muy insatisfecho
Bucaramanga,2013,Muy seguro,Algo satisfecho
Bucaramanga,2013,Poco seguro,Muy insatisfecho
Bucaramanga,2013,Poco seguro,Algo insatisfecho
Bucaramanga,2013,Muy seguro,Muy satisfecho
Bucaramanga,2013,Algo seguro,Algo insatisfecho
Bucaramanga,2013,Muy seguro,Algo satisfecho
Bucaramanga,2013,Algo seguro,Ni satisfecho ni insatisfecho
Bucaramanga,2013,Seguro,Algo insatisfecho
Bucaramanga,2013,Algo seguro,Ni satisfecho ni insatisfecho
Bucaramanga,2013,Seguro,Ni satisfecho ni insatisfecho
Bucaramanga,2013,Algo seguro,Muy insatisfecho
Bucaramanga,2013,Algo seguro,Algo insatisfecho
Bucaramanga,2013,Seguro,Ni satisfecho ni insatisfecho
Bucaramanga,2013,Algo seguro,Muy insatisfecho
Bucaramanga,2013,Seguro,Muy insatisfecho
Bucaramanga,2013,Seguro,Ni satisfecho ni insatisfecho
Bucaramanga,2013,Muy seguro,Muy satisfecho
Bucaramanga,2013,Seguro,Ni satisfecho ni insatisfecho
Bucaramanga,2013,Algo seguro,Muy insatisfecho
Bucaramanga,2013,Muy seguro,Muy insatisfecho
Bucaramanga,2013,Algo seguro,Ni satisfecho ni insatisfecho
Bucaramanga,2013,Seguro,Muy insatisfecho
Bucaramanga,2013,Nada seguro,Muy insatisfecho
Bucaramanga,2013,Seguro,Algo satisfecho
Bucaramanga,2013,Seguro,Algo insatisfecho
Bucaramanga,2013,Algo seguro,Ni satisfecho ni insatisfecho
Bucaramanga,2013,Nada seguro,Ni satisfecho ni insatisfecho
Bucaramanga,2013,Seguro,Ni satisfecho ni insatisfecho
Bucaramanga,2013,Muy seguro,Ni satisfecho ni insatisfecho
Bucaramanga,2013,Algo seguro,Algo insatisfecho
Bucaramanga,2013,Nada seguro,Ni satisfecho ni insatisfecho
Bucaramanga,2013,Muy seguro,Muy satisfecho
Bucaramanga,2013,Algo seguro,Ni satisfecho ni insatisfecho
Bucaramanga,2013,Seguro,Algo insatisfecho
Bucaramanga,2013,Algo seguro,Algo insatisfecho
Bucaramanga,2013,Seguro,Muy insatisfecho
Bucaramanga,2013,Seguro,Ni satisfecho ni insatisfecho
Bucaramanga,2013,Nada seguro,Muy insatisfecho
Bucaramanga,2013,Poco seguro,Muy insatisfecho
Bucaramanga,2013,Seguro,Ni satisfecho ni insatisfecho
Bucaramanga,2013,Poco seguro,Muy satisfecho
Bucaramanga,2013,Seguro,Ni satisfecho ni insatisfecho
Bucaramanga,2013,Algo seguro,Muy insatisfecho
Bucaramanga,2013,Muy seguro,Ni satisfecho ni insatisfecho
Bucaramanga,2013,Seguro,Algo insatisfecho
Bucaramanga,2013,Algo seguro,Muy insatisfecho
Bucaramanga,2013,Algo seguro,Ni satisfecho ni insatisfecho
Bucaramanga,2013,Seguro,Ni satisfecho ni insatisfecho
Bucaramanga,2013,Algo seguro,Ni satisfecho ni insatisfecho
Bucaramanga,2013,Seguro,Algo insatisfecho
Bucaramanga,2013,Seguro,Muy insatisfecho
Bucaramanga,2013,Seguro,Algo insatisfecho
Bucaramanga,2013,Seguro,Ni satisfecho ni insatisfecho
Bucaramanga,2013,Poco seguro,Ni satisfecho ni insatisfecho
Bucaramanga,2013,Seguro,Ni satisfecho ni insatisfecho
Bucaramanga,2013,Algo seguro,Algo satisfecho
Bucaramanga,2013,Algo seguro,Ni satisfecho ni insatisfecho
Bucaramanga,2013,Algo seguro,Algo satisfecho
Bucaramanga,2013,Seguro,Algo satisfecho
Bucaramanga,2013,Algo seguro,Algo insatisfecho
Bucaramanga,2013,Seguro,Algo satisfecho
Bucaramanga,2013,Seguro,Ni satisfecho ni insatisfecho
Bucaramanga,2013,Seguro,Algo satisfecho
Bucaramanga,2013,Seguro,Algo satisfecho
Bucaramanga,2013,Algo seguro,Ni satisfecho ni insatisfecho
Bucaramanga,2013,Seguro,Algo satisfecho
Bucaramanga,2013,Seguro,Algo insatisfecho
Bucaramanga,2013,Algo seguro,Algo satisfecho
Bucaramanga,2013,Seguro,Ni satisfecho ni insatisfecho
Bucaramanga,2013,Algo seguro,Algo satisfecho
Bucaramanga,2013,Seguro,Algo satisfecho
Bucaramanga,2013,Algo seguro,Ni satisfecho ni insatisfecho
Bucaramanga,2013,Seguro,Ni satisfecho ni insatisfecho
Bucaramanga,2013,Algo seguro,Ni satisfecho ni insatisfecho
Bucaramanga,2013,Poco seguro,Algo insatisfecho
Bucaramanga,2013,Muy seguro,Algo insatisfecho
Bucaramanga,2013,Algo seguro,Ni satisfecho ni insatisfecho
Bucaramanga,2013,Algo seguro,Ni satisfecho ni insatisfecho
Bucaramanga,2013,Nada seguro,Algo insatisfecho
Bucaramanga,2013,Seguro,Algo satisfecho
Bucaramanga,2013,Algo seguro,Algo insatisfecho
Bucaramanga,2013,Seguro,Ni satisfecho ni insatisfecho
Bucaramanga,2013,Poco seguro,Algo insatisfecho
Bucaramanga,2013,Poco seguro,Algo insatisfecho
Bucaramanga,2013,Poco seguro,Ni satisfecho ni insatisfecho
Bucaramanga,2013,Seguro,Algo satisfecho
Bucaramanga,2013,Algo seguro,Algo satisfecho
Bucaramanga,2013,Seguro,Muy insatisfecho
Bucaramanga,2013,Seguro,Ni satisfecho ni insatisfecho
Bucaramanga,2013,Muy seguro,Algo insatisfecho
Bucaramanga,2013,Poco seguro,Ni satisfecho ni insatisfecho
Bucaramanga,2013,Seguro,Algo insatisfecho
Bucaramanga,2013,Seguro,Muy insatisfecho
Bucaramanga,2013,Seguro,Ni satisfecho ni insatisfecho
Bucaramanga,2013,Seguro,Ni satisfecho ni insatisfecho
Bucaramanga,2013,Algo seguro,Ni satisfecho ni insatisfecho
Bucaramanga,2013,Seguro,Algo satisfecho
Bucaramanga,2013,Seguro,Algo satisfecho
Bucaramanga,2013,Algo seguro,Ni satisfecho ni insatisfecho
Bucaramanga,2013,Muy seguro,Algo insatisfecho
Bucaramanga,2013,Muy seguro,Algo insatisfecho
Bucaramanga,2013,Muy seguro,Algo satisfecho
Bucaramanga,2013,Algo seguro,Algo satisfecho
Bucaramanga,2013,Seguro,Ni satisfecho ni insatisfecho
Bucaramanga,2013,Muy seguro,Algo insatisfecho
Bucaramanga,2013,Seguro,Algo satisfecho
Bucaramanga,2013,Nada seguro,Muy insatisfecho
Bucaramanga,2013,Algo seguro,Ni satisfecho ni insatisfecho
Bucaramanga,2013,Nada seguro,Muy insatisfecho
Bucaramanga,2013,Algo seguro,Ni satisfecho ni insatisfecho
Bucaramanga,2013,Muy seguro,Ni satisfecho ni insatisfecho
Bucaramanga,2013,Nada seguro,Ni satisfecho ni insatisfecho
Bucaramanga,2013,Poco seguro,Algo insatisfecho
Bucaramanga,2013,Algo seguro,Ni satisfecho ni insatisfecho
Bucaramanga,2013,Seguro,Algo satisfecho
Bucaramanga,2013,Muy seguro,Algo satisfecho
Bucaramanga,2013,Seguro,Algo insatisfecho
Bucaramanga,2013,Seguro,Muy insatisfecho
Bucaramanga,2013,Algo seguro,Algo insatisfecho
Bucaramanga,2013,Algo seguro,Ni satisfecho ni insatisfecho
Bucaramanga,2013,Poco seguro,Algo satisfecho
Bucaramanga,2013,Nada seguro,Algo insatisfecho
Bucaramanga,2013,Algo seguro,Algo insatisfecho
Bucaramanga,2013,Seguro,Ni satisfecho ni insatisfecho
Bucaramanga,2013,Algo seguro,Algo insatisfecho
Bucaramanga,2013,Seguro,Ni satisfecho ni insatisfecho
Bucaramanga,2013,Seguro,Muy insatisfecho
Bucaramanga,2013,Seguro,Ni satisfecho ni insatisfecho
Bucaramanga,2013,Seguro,Algo insatisfecho
Bucaramanga,2013,Poco seguro,Algo insatisfecho
Bucaramanga,2013,Poco seguro,Algo insatisfecho
Bucaramanga,2013,Algo seguro,Algo insatisfecho
Bucaramanga,2013,Algo seguro,Ni satisfecho ni insatisfecho
Bucaramanga,2013,Seguro,Muy insatisfecho
Bucaramanga,2013,Algo seguro,Algo insatisfecho
Bucaramanga,2013,Poco seguro,Algo insatisfecho
Bucaramanga,2013,Muy seguro,Muy insatisfecho
Bucaramanga,2013,Seguro,Algo insatisfecho
Bucaramanga,2013,Algo seguro,Ni satisfecho ni insatisfecho
Bucaramanga,2013,Seguro,Algo insatisfecho
Bucaramanga,2013,Seguro,Algo insatisfecho
Bucaramanga,2013,Seguro,Algo insatisfecho
Bucaramanga,2013,Poco seguro,Muy insatisfecho
Bucaramanga,2013,Poco seguro,Ni satisfecho ni insatisfecho
Bucaramanga,2013,Algo seguro,Algo insatisfecho
Bucaramanga,2013,Seguro,Algo satisfecho
Bucaramanga,2013,Muy seguro,Algo insatisfecho
Bucaramanga,2013,Poco seguro,Algo satisfecho
Bucaramanga,2013,Seguro,Algo insatisfecho
Bucaramanga,2013,Seguro,Algo insatisfecho
Bucaramanga,2013,Seguro,Algo insatisfecho
Bucaramanga,2013,Seguro,Muy insatisfecho
Bucaramanga,2013,Seguro,Ni satisfecho ni insatisfecho
Bucaramanga,2013,Seguro,Algo insatisfecho
Bucaramanga,2013,Algo seguro,Ni satisfecho ni insatisfecho
Bucaramanga,2013,Muy seguro,Algo satisfecho
Bucaramanga,2013,Seguro,Algo satisfecho
Bucaramanga,2013,Algo seguro,Algo insatisfecho
Bucaramanga,2013,Algo seguro,Algo insatisfecho
Bucaramanga,2013,Algo seguro,Ni satisfecho ni insatisfecho
Bucaramanga,2013,Seguro,Ni satisfecho ni insatisfecho
Bucaramanga,2013,Seguro,Ni satisfecho ni insatisfecho
Bucaramanga,2013,Muy seguro,Algo insatisfecho
Bucaramanga,2013,Muy seguro,Algo satisfecho
Bucaramanga,2013,Algo seguro,Ni satisfecho ni insatisfecho
Bucaramanga,2013,Algo seguro,Ni satisfecho ni insatisfecho
Bucaramanga,2013,Algo seguro,Ni satisfecho ni insatisfecho
Bucaramanga,2013,Seguro,Algo satisfecho
Bucaramanga,2013,Poco seguro,Ni satisfecho ni insatisfecho
Bucaramanga,2013,Seguro,Ni satisfecho ni insatisfecho
Bucaramanga,2013,Seguro,Algo satisfecho
Bucaramanga,2013,Seguro,Ni satisfecho ni insatisfecho
Bucaramanga,2013,Seguro,Algo satisfecho
Bucaramanga,2013,Poco seguro,Ni satisfecho ni insatisfecho
Bucaramanga,2013,Poco seguro,Ni satisfecho ni insatisfecho
Bucaramanga,2013,Seguro,Algo satisfecho
Bucaramanga,2013,Seguro,Ni satisfecho ni insatisfecho
Bucaramanga,2013,Seguro,Algo insatisfecho
Bucaramanga,2013,Poco seguro,Algo insatisfecho
Bucaramanga,2013,Nada seguro,Muy insatisfecho
Bucaramanga,2013,Muy seguro,Ni satisfecho ni insatisfecho
Bucaramanga,2013,Algo seguro,Ni satisfecho ni insatisfecho
Bucaramanga,2013,Seguro,Algo insatisfecho
Bucaramanga,2013,Algo seguro,Ni satisfecho ni insatisfecho
Bucaramanga,2013,Nada seguro,Algo insatisfecho
Bucaramanga,2013,Seguro,Algo insatisfecho
Bucaramanga,2013,Seguro,Algo insatisfecho
Bucaramanga,2013,Seguro,Algo satisfecho
Bucaramanga,2013,Seguro,Ni satisfecho ni insatisfecho
Bucaramanga,2013,Poco seguro,Muy insatisfecho
Bucaramanga,2013,Poco seguro,Algo satisfecho
Bucaramanga,2013,Nada seguro,Muy insatisfecho
Bucaramanga,2013,Algo seguro,Ni satisfecho ni insatisfecho
Bucaramanga,2013,Algo seguro,Algo satisfecho
Bucaramanga,2013,Muy seguro,Algo satisfecho
Bucaramanga,2013,Seguro,Algo satisfecho
Bucaramanga,2013,Seguro,Muy insatisfecho
Bucaramanga,2013,Nada seguro,Ni satisfecho ni insatisfecho
Bucaramanga,2013,Seguro,Algo satisfecho
Bucaramanga,2013,Algo seguro,Ni satisfecho ni insatisfecho
Bucaramanga,2013,Algo seguro,Algo satisfecho
Bucaramanga,2013,Seguro,Algo insatisfecho
Bucaramanga,2013,Algo seguro,Ni satisfecho ni insatisfecho
Bucaramanga,2013,Poco seguro,Muy insatisfecho
Bucaramanga,2013,Seguro,Ni satisfecho ni insatisfecho
Bucaramanga,2013,Algo seguro,Muy insatisfecho
Bucaramanga,2013,Algo seguro,Ni satisfecho ni insatisfecho
Bucaramanga,2013,Algo seguro,Algo insatisfecho
Bucaramanga,2013,Algo seguro,Muy satisfecho
Bucaramanga,2013,Algo seguro,Ni satisfecho ni insatisfecho
Bucaramanga,2013,Algo seguro,Algo insatisfecho
Bucaramanga,2013,Seguro,Muy insatisfecho
Bucaramanga,2013,Muy seguro,Algo insatisfecho
Bucaramanga,2013,Algo seguro,Algo insatisfecho
Bucaramanga,2013,Seguro,Algo insatisfecho
Bucaramanga,2013,Nada seguro,Algo insatisfecho
Bucaramanga,2013,Algo seguro,Ni satisfecho ni insatisfecho
Bucaramanga,2013,Algo seguro,Algo insatisfecho
Bucaramanga,2013,Poco seguro,Muy insatisfecho
Bucaramanga,2013,Poco seguro,Algo insatisfecho
Bucaramanga,2013,Poco seguro,Algo insatisfecho
Bucaramanga,2013,Poco seguro,Ni satisfecho ni insatisfecho
Bucaramanga,2013,Poco seguro,Muy insatisfecho
Bucaramanga,2013,Nada seguro,Muy insatisfecho
Bucaramanga,2013,Poco seguro,Algo insatisfecho
Bucaramanga,2013,Nada seguro,Algo insatisfecho
Bucaramanga,2013,Poco seguro,Algo insatisfecho
Bucaramanga,2013,Nada seguro,Algo insatisfecho
Bucaramanga,2013,Algo seguro,Ni satisfecho ni insatisfecho
Bucaramanga,2013,Muy seguro,Ni satisfecho ni insatisfecho
Bucaramanga,2013,Nada seguro,Algo insatisfecho
Bucaramanga,2013,Poco seguro,Algo insatisfecho
Bucaramanga,2013,Algo seguro,Ni satisfecho ni insatisfecho
Bucaramanga,2013,Algo seguro,Algo insatisfecho
Bucaramanga,2013,Algo seguro,Algo insatisfecho
Bucaramanga,2013,Algo seguro,Algo insatisfecho
Bucaramanga,2013,Seguro,Ni satisfecho ni insatisfecho
Bucaramanga,2013,Algo seguro,Algo insatisfecho
Bucaramanga,2013,Algo seguro,Ni satisfecho ni insatisfecho
Bucaramanga,2013,Algo seguro,Algo satisfecho
Bucaramanga,2013,Algo seguro,Algo insatisfecho
Bucaramanga,2013,Seguro,Ni satisfecho ni insatisfecho
Bucaramanga,2013,Algo seguro,Ni satisfecho ni insatisfecho
Bucaramanga,2013,Muy seguro,Muy insatisfecho
Bucaramanga,2013,Seguro,Algo insatisfecho
Bucaramanga,2013,Poco seguro,Ni satisfecho ni insatisfecho
Bucaramanga,2013,Muy seguro,Algo insatisfecho
Bucaramanga,2013,Nada seguro,Muy insatisfecho
Bucaramanga,2013,Algo seguro,Algo insatisfecho
Bucaramanga,2013,Algo seguro,Algo insatisfecho
Bucaramanga,2013,Algo seguro,Algo insatisfecho
Bucaramanga,2013,Muy seguro,Muy satisfecho
Bucaramanga,2013,Algo seguro,Muy insatisfecho
Bucaramanga,2013,Algo seguro,Algo insatisfecho
Bucaramanga,2013,Poco seguro,Algo insatisfecho
Bucaramanga,2013,Algo seguro,Muy satisfecho
Bucaramanga,2013,Nada seguro,Algo insatisfecho
Bucaramanga,2013,Nada seguro,Ni satisfecho ni insatisfecho
Bucaramanga,2013,Algo seguro,Algo satisfecho
Bucaramanga,2013,Algo seguro,Algo satisfecho
Bucaramanga,2013,Nada seguro,Muy insatisfecho
Bucaramanga,2013,Seguro,Muy insatisfecho
Bucaramanga,2013,Seguro,Algo insatisfecho
Bucaramanga,2013,Poco seguro,Algo insatisfecho
Bucaramanga,2013,Nada seguro,Muy insatisfecho
Bucaramanga,2013,Poco seguro,Muy insatisfecho
Bucaramanga,2013,Poco seguro,Ni satisfecho ni insatisfecho
Bucaramanga,2013,Nada seguro,Muy insatisfecho
Bucaramanga,2013,Seguro,Algo insatisfecho
Bucaramanga,2013,Algo seguro,Algo insatisfecho
Bucaramanga,2013,Algo seguro,Algo insatisfecho
Bucaramanga,2013,Algo seguro,Algo insatisfecho
Bucaramanga,2013,Poco seguro,Muy insatisfecho
Bucaramanga,2013,Seguro,Algo insatisfecho
Bucaramanga,2013,Nada seguro,Muy insatisfecho
Bucaramanga,2013,Seguro,Muy insatisfecho
Bucaramanga,2013,Algo seguro,Muy insatisfecho
Bucaramanga,2013,Nada seguro,Muy insatisfecho
Bucaramanga,2013,Poco seguro,Ni satisfecho ni insatisfecho
Bucaramanga,2013,Algo seguro,Muy insatisfecho
Bucaramanga,2013,Algo seguro,Ni satisfecho ni insatisfecho
Bucaramanga,2013,Poco seguro,Algo insatisfecho
Bucaramanga,2013,Poco seguro,Muy insatisfecho
Bucaramanga,2013,Algo seguro,Algo insatisfecho
Bucaramanga,2013,Muy seguro,Ni satisfecho ni insatisfecho
Bucaramanga,2013,Muy seguro,Ni satisfecho ni insatisfecho
Bucaramanga,2013,Seguro,Ni satisfecho ni insatisfecho
Bucaramanga,2013,Poco seguro,Muy insatisfecho
Bucaramanga,2013,Poco seguro,Muy insatisfecho
Bucaramanga,2013,Poco seguro,Ni satisfecho ni insatisfecho
Bucaramanga,2013,Seguro,Ni satisfecho ni insatisfecho
Bucaramanga,2013,Poco seguro,Ni satisfecho ni insatisfecho
Bucaramanga,2013,Poco seguro,Muy insatisfecho
Bucaramanga,2013,Poco seguro,Algo insatisfecho
Bucaramanga,2013,Nada seguro,Algo insatisfecho
Bucaramanga,2013,Poco seguro,Ni satisfecho ni insatisfecho
Bucaramanga,2013,Nada seguro,Algo insatisfecho
Bucaramanga,2013,Algo seguro,Muy insatisfecho
Bucaramanga,2013,Nada seguro,Muy insatisfecho
Bucaramanga,2013,Poco seguro,Muy insatisfecho
Bucaramanga,2013,Poco seguro,Muy insatisfecho
Bucaramanga,2013,Seguro,Ni satisfecho ni insatisfecho
Bucaramanga,2013,Muy seguro,Muy insatisfecho
Bucaramanga,2013,Algo seguro,Muy insatisfecho
Bucaramanga,2013,Seguro,Muy insatisfecho
Bucaramanga,2013,Nada seguro,Algo insatisfecho
Bucaramanga,2013,Algo seguro,Algo insatisfecho
Bucaramanga,2013,Algo seguro,Muy insatisfecho
Bucaramanga,2013,Poco seguro,Algo insatisfecho
Bucaramanga,2013,Poco seguro,Algo insatisfecho
Bucaramanga,2013,Algo seguro,Muy insatisfecho
Bucaramanga,2013,Algo seguro,Muy insatisfecho
Bucaramanga,2013,Algo seguro,Muy insatisfecho
Bucaramanga,2013,Poco seguro,Muy insatisfecho
Bucaramanga,2013,Seguro,Muy insatisfecho
Bucaramanga,2013,Seguro,Muy insatisfecho
Bucaramanga,2013,Poco seguro,Ni satisfecho ni insatisfecho
Bucaramanga,2013,Algo seguro,Muy insatisfecho
Bucaramanga,2013,Muy seguro,Muy insatisfecho
Bucaramanga,2013,Poco seguro,Ni satisfecho ni insatisfecho
Bucaramanga,2013,Muy seguro,Muy insatisfecho
Bucaramanga,2013,Muy seguro,Ni satisfecho ni insatisfecho
Bucaramanga,2013,Poco seguro,Muy insatisfecho
Bucaramanga,2013,Nada seguro,Muy insatisfecho
Bucaramanga,2013,Poco seguro,Muy insatisfecho
Bucaramanga,2013,Seguro,Algo insatisfecho
Bucaramanga,2013,Algo seguro,Muy insatisfecho
Bucaramanga,2013,Muy seguro,Muy insatisfecho
Bucaramanga,2013,Algo seguro,Muy insatisfecho
Bucaramanga,2013,Algo seguro,Algo insatisfecho
Bucaramanga,2013,Seguro,Ni satisfecho ni insatisfecho
Bucaramanga,2013,Algo seguro,Muy insatisfecho
Bucaramanga,2013,Seguro,Algo insatisfecho
Bucaramanga,2013,Nada seguro,Ni satisfecho ni insatisfecho
Bucaramanga,2013,Seguro,Muy insatisfecho
Bucaramanga,2013,Nada seguro,Muy insatisfecho
Bucaramanga,2013,Poco seguro,Algo insatisfecho
Bucaramanga,2013,Seguro,Algo insatisfecho
Bucaramanga,2013,Nada seguro,Ni satisfecho ni insatisfecho
Bucaramanga,2013,Seguro,Algo satisfecho
Bucaramanga,2013,Poco seguro,Muy insatisfecho
Bucaramanga,2013,Poco seguro,Algo insatisfecho
Bucaramanga,2013,Muy seguro,Ni satisfecho ni insatisfecho
Bucaramanga,2013,Nada seguro,Ni satisfecho ni insatisfecho
Bucaramanga,2013,Algo seguro,Ni satisfecho ni insatisfecho
Bucaramanga,2013,Algo seguro,Ni satisfecho ni insatisfecho
Bucaramanga,2013,Muy seguro,Muy insatisfecho
Bucaramanga,2013,Algo seguro,Muy insatisfecho
Bucaramanga,2013,Algo seguro,Algo insatisfecho
Bucaramanga,2013,Poco seguro,Muy insatisfecho
Bucaramanga,2013,Poco seguro,Muy insatisfecho
Bucaramanga,2013,Poco seguro,Muy insatisfecho
Bucaramanga,2013,Algo seguro,Algo insatisfecho
Bucaramanga,2013,Algo seguro,Algo satisfecho
Bucaramanga,2013,Seguro,Ni satisfecho ni insatisfecho
Bucaramanga,2013,Seguro,Algo satisfecho
Bucaramanga,2013,Algo seguro,Algo insatisfecho
Bucaramanga,2013,Poco seguro,Algo satisfecho
Bucaramanga,2013,Seguro,Algo insatisfecho
Bucaramanga,2013,Algo seguro,Ni satisfecho ni insatisfecho
Bucaramanga,2013,Algo seguro,Algo insatisfecho
Bucaramanga,2013,Muy seguro,Muy satisfecho
Bucaramanga,2013,Poco seguro,Algo satisfecho
Bucaramanga,2013,Poco seguro,Muy insatisfecho
Bucaramanga,2013,Algo seguro,Muy insatisfecho
Bucaramanga,2013,Seguro,Algo insatisfecho
Bucaramanga,2013,Algo seguro,Algo insatisfecho
Bucaramanga,2013,Algo seguro,Muy insatisfecho
Bucaramanga,2013,Algo seguro,Muy insatisfecho
Bucaramanga,2013,Seguro,Muy insatisfecho
Bucaramanga,2013,Seguro,Algo insatisfecho
Bucaramanga,2013,Algo seguro,Algo insatisfecho
Bucaramanga,2013,Algo seguro,Ni satisfecho ni insatisfecho
Bucaramanga,2013,Seguro,Muy insatisfecho
Bucaramanga,2013,Seguro,Ni satisfecho ni insatisfecho
Bucaramanga,2013,Seguro,Ni satisfecho ni insatisfecho
Bucaramanga,2013,Seguro,Ni satisfecho ni insatisfecho
Bucaramanga,2013,Algo seguro,Algo insatisfecho
Bucaramanga,2013,Seguro,Algo satisfecho
Bucaramanga,2013,Muy seguro,Algo insatisfecho
Bucaramanga,2013,Algo seguro,Ni satisfecho ni insatisfecho
Bucaramanga,2013,Algo seguro,Algo insatisfecho
Bucaramanga,2013,Algo seguro,Muy insatisfecho
Bucaramanga,2013,Seguro,Algo insatisfecho
Bucaramanga,2013,Poco seguro,Ni satisfecho ni insatisfecho
Bucaramanga,2013,Algo seguro,Ni satisfecho ni insatisfecho
Bucaramanga,2013,Algo seguro,Ni satisfecho ni insatisfecho
Bucaramanga,2013,Algo seguro,Muy insatisfecho
Bucaramanga,2013,Poco seguro,Muy satisfecho
Bucaramanga,2013,Seguro,Algo insatisfecho
Bucaramanga,2013,Seguro,Algo insatisfecho
Bucaramanga,2013,Muy seguro,Muy insatisfecho
Bucaramanga,2013,Muy seguro,Muy insatisfecho
Bucaramanga,2013,Poco seguro,Algo satisfecho
Bucaramanga,2013,Algo seguro,Algo insatisfecho
Bucaramanga,2013,Nada seguro,Muy insatisfecho
Bucaramanga,2013,Poco seguro,Muy insatisfecho
Bucaramanga,2013,Poco seguro,Muy insatisfecho
Bucaramanga,2013,Algo seguro,Muy insatisfecho
Bucaramanga,2013,Seguro,Ni satisfecho ni insatisfecho
Bucaramanga,2013,Algo seguro,Muy insatisfecho
Bucaramanga,2013,Algo seguro,Muy insatisfecho
Bucaramanga,2013,Algo seguro,Muy insatisfecho
Bucaramanga,2013,Algo seguro,Algo insatisfecho
Bucaramanga,2013,Poco seguro,Muy insatisfecho
Bucaramanga,2013,Algo seguro,Muy insatisfecho
Bucaramanga,2013,Algo seguro,Ni satisfecho ni insatisfecho
Bucaramanga,2013,Algo seguro,Muy insatisfecho
Bucaramanga,2013,Nada seguro,Muy insatisfecho
Bucaramanga,2013,Algo seguro,Ni satisfecho ni insatisfecho
Bucaramanga,2013,Poco seguro,Algo insatisfecho
Bucaramanga,2013,Algo seguro,Algo insatisfecho
Bucaramanga,2013,Algo seguro,Algo insatisfecho
Bucaramanga,2013,Muy seguro,Muy insatisfecho
Bucaramanga,2013,Muy seguro,Ni satisfecho ni insatisfecho
Bucaramanga,2013,Seguro,Muy satisfecho
Bucaramanga,2013,Poco seguro,Muy insatisfecho
Bucaramanga,2013,Algo seguro,Ni satisfecho ni insatisfecho
Bucaramanga,2013,Poco seguro,Muy insatisfecho
Bucaramanga,2013,Nada seguro,Algo insatisfecho
Bucaramanga,2013,Algo seguro,Ni satisfecho ni insatisfecho
Bucaramanga,2013,Seguro,Algo insatisfecho
Bucaramanga,2013,Poco seguro,Algo insatisfecho
Bucaramanga,2013,Poco seguro,Algo insatisfecho
Bucaramanga,2013,Seguro,Ni satisfecho ni insatisfecho
Bucaramanga,2013,Poco seguro,Algo insatisfecho
Bucaramanga,2013,Nada seguro,Algo insatisfecho
Bucaramanga,2013,Seguro,Algo insatisfecho
Bucaramanga,2013,Nada seguro,Algo insatisfecho
Bucaramanga,2013,Algo seguro,Algo insatisfecho
Bucaramanga,2013,Poco seguro,Algo insatisfecho
Bucaramanga,2013,Nada seguro,Algo insatisfecho
Bucaramanga,2013,Algo seguro,Algo insatisfecho
Bucaramanga,2013,Poco seguro,Algo insatisfecho
Bucaramanga,2013,Nada seguro,Algo insatisfecho
Bucaramanga,2013,Poco seguro,Muy insatisfecho
Bucaramanga,2013,Algo seguro,Algo insatisfecho
Bucaramanga,2013,Algo seguro,Algo insatisfecho
Bucaramanga,2013,Algo seguro,Algo insatisfecho
Bucaramanga,2013,Seguro,Ni satisfecho ni insatisfecho
Bucaramanga,2013,Poco seguro,Algo insatisfecho
Bucaramanga,2013,Seguro,Algo insatisfecho
Bucaramanga,2013,Algo seguro,Ni satisfecho ni insatisfecho
Bucaramanga,2013,Algo seguro,Algo satisfecho
Bucaramanga,2013,Algo seguro,Ni satisfecho ni insatisfecho
Bucaramanga,2013,Nada seguro,Algo insatisfecho
Bucaramanga,2013,Algo seguro,Algo insatisfecho
Bucaramanga,2013,Algo seguro,Muy insatisfecho
Bucaramanga,2013,Poco seguro,Algo insatisfecho
Bucaramanga,2013,Poco seguro,Algo insatisfecho
Bucaramanga,2013,Algo seguro,Algo insatisfecho
Bucaramanga,2013,Nada seguro,Muy insatisfecho
Bucaramanga,2013,Seguro,Algo insatisfecho
Bucaramanga,2013,Algo seguro,Muy insatisfecho
Bucaramanga,2013,Poco seguro,Ni satisfecho ni insatisfecho
Bucaramanga,2013,Algo seguro,Algo insatisfecho
Bucaramanga,2013,Nada seguro,Algo insatisfecho
Bucaramanga,2013,Nada seguro,Muy insatisfecho
Bucaramanga,2013,Poco seguro,Algo insatisfecho
Bucaramanga,2013,Algo seguro,Ni satisfecho ni insatisfecho
Bucaramanga,2013,Algo seguro,Algo insatisfecho
Bucaramanga,2013,Seguro,Ni satisfecho ni insatisfecho
Bucaramanga,2013,Poco seguro,Algo insatisfecho
Bucaramanga,2013,Algo seguro,Algo insatisfecho
Bucaramanga,2013,Seguro,Algo insatisfecho
Bucaramanga,2013,Algo seguro,Algo insatisfecho
Bucaramanga,2013,Algo seguro,Algo insatisfecho
Bucaramanga,2013,Algo seguro,Algo insatisfecho
Bucaramanga,2013,Nada seguro,Algo insatisfecho
Bucaramanga,2013,Muy seguro,Algo satisfecho
Bucaramanga,2013,Algo seguro,Ni satisfecho ni insatisfecho
Bucaramanga,2013,Algo seguro,Algo insatisfecho
Bucaramanga,2013,Seguro,Algo insatisfecho
Bucaramanga,2013,Muy seguro,Ni satisfecho ni insatisfecho
Bucaramanga,2013,Algo seguro,Muy insatisfecho
Bucaramanga,2013,Seguro,Algo insatisfecho
Bucaramanga,2013,Nada seguro,Muy insatisfecho
Bucaramanga,2013,Nada seguro,Algo insatisfecho
Bucaramanga,2013,Seguro,Algo insatisfecho
Bucaramanga,2013,Seguro,Muy insatisfecho
Bucaramanga,2013,Algo seguro,Muy insatisfecho
Bucaramanga,2013,Seguro,Algo insatisfecho
Bucaramanga,2013,Algo seguro,Ni satisfecho ni insatisfecho
Bucaramanga,2013,Seguro,Ni satisfecho ni insatisfecho
Bucaramanga,2013,Algo seguro,Algo satisfecho
Bucaramanga,2013,Seguro,Algo satisfecho
Bucaramanga,2013,Seguro,Ni satisfecho ni insatisfecho
Bucaramanga,2013,Algo seguro,Ni satisfecho ni insatisfecho
Bucaramanga,2013,Algo seguro,Algo satisfecho
Bucaramanga,2013,Algo seguro,Ni satisfecho ni insatisfecho
Bucaramanga,2013,Algo seguro,Ni satisfecho ni insatisfecho
Bucaramanga,2013,Poco seguro,Algo satisfecho
Bucaramanga,2013,Seguro,Algo insatisfecho
Bucaramanga,2013,Algo seguro,Algo insatisfecho
Bucaramanga,2013,Algo seguro,Algo insatisfecho
Bucaramanga,2013,Seguro,Muy insatisfecho
Bucaramanga,2013,Algo seguro,Muy insatisfecho
Bucaramanga,2013,Seguro,Algo insatisfecho
Bucaramanga,2013,Algo seguro,Algo insatisfecho
Bucaramanga,2013,Seguro,Ni satisfecho ni insatisfecho
Bucaramanga,2013,Algo seguro,Algo satisfecho
Bucaramanga,2013,Algo seguro,Algo insatisfecho
Bucaramanga,2013,Seguro,Algo satisfecho
Bucaramanga,2013,Poco seguro,Muy insatisfecho
Bucaramanga,2013,Algo seguro,Ni satisfecho ni insatisfecho
Bucaramanga,2013,Algo seguro,Algo insatisfecho
Bucaramanga,2013,Muy seguro,Algo insatisfecho
Bucaramanga,2013,Poco seguro,Algo insatisfecho
Bucaramanga,2013,Poco seguro,Ni satisfecho ni insatisfecho
Bucaramanga,2013,Muy seguro,Ni satisfecho ni insatisfecho
Bucaramanga,2013,Algo seguro,Algo insatisfecho
Bucaramanga,2013,Seguro,Algo satisfecho
Bucaramanga,2013,Algo seguro,Ni satisfecho ni insatisfecho
Bucaramanga,2013,Algo seguro,Algo satisfecho
Bucaramanga,2013,Nada seguro,Muy insatisfecho
Bucaramanga,2013,Algo seguro,Muy insatisfecho
Bucaramanga,2013,Algo seguro,Muy insatisfecho
Bucaramanga,2013,Poco seguro,Muy insatisfecho
Bucaramanga,2013,Algo seguro,Muy insatisfecho
Bucaramanga,2013,Nada seguro,Ni satisfecho ni insatisfecho
Bucaramanga,2013,Seguro,Ni satisfecho ni insatisfecho
Bucaramanga,2013,Muy seguro,Muy satisfecho
Bucaramanga,2013,Muy seguro,Muy satisfecho
Bucaramanga,2013,Nada seguro,Muy insatisfecho
Bucaramanga,2013,Nada seguro,Muy insatisfecho
Bucaramanga,2013,Poco seguro,Algo insatisfecho
Bucaramanga,2013,Nada seguro,Ni satisfecho ni insatisfecho
Bucaramanga,2013,Poco seguro,Algo satisfecho
Bucaramanga,2013,Muy seguro,Algo satisfecho
Bucaramanga,2013,Poco seguro,Muy satisfecho
Bucaramanga,2013,Poco seguro,Ni satisfecho ni insatisfecho
Bucaramanga,2013,Poco seguro,Muy insatisfecho
Bucaramanga,2013,Seguro,Algo insatisfecho
Bucaramanga,2013,Algo seguro,Muy insatisfecho
Bucaramanga,2013,Muy seguro,Algo satisfecho
Bucaramanga,2013,Poco seguro,Muy insatisfecho
Bucaramanga,2013,Muy seguro,Ni satisfecho ni insatisfecho
Bucaramanga,2013,Algo seguro,Muy insatisfecho
Bucaramanga,2013,Seguro,Algo insatisfecho
Bucaramanga,2013,Muy seguro,Ni satisfecho ni insatisfecho
Bucaramanga,2013,Poco seguro,Algo insatisfecho
Bucaramanga,2013,Algo seguro,Algo insatisfecho
Bucaramanga,2013,Muy seguro,Algo insatisfecho
Bucaramanga,2013,Seguro,Ni satisfecho ni insatisfecho
Bucaramanga,2013,Nada seguro,Muy insatisfecho
Bucaramanga,2013,Algo seguro,Muy insatisfecho
Bucaramanga,2013,Algo seguro,Algo satisfecho
Bucaramanga,2013,Algo seguro,Algo insatisfecho
Bucaramanga,2013,Muy seguro,Ni satisfecho ni insatisfecho
Bucaramanga,2013,Nada seguro,Algo insatisfecho
Bucaramanga,2013,Poco seguro,Muy insatisfecho
Bucaramanga,2013,Nada seguro,Ni satisfecho ni insatisfecho
Bucaramanga,2013,Algo seguro,Algo insatisfecho
Bucaramanga,2013,Muy seguro,Algo satisfecho
Bucaramanga,2013,Poco seguro,Muy insatisfecho
Bucaramanga,2013,Seguro,Ni satisfecho ni insatisfecho
Bucaramanga,2013,Algo seguro,Algo insatisfecho
Bucaramanga,2013,Poco seguro,Algo satisfecho
Bucaramanga,2013,Seguro,Ni satisfecho ni insatisfecho
Bucaramanga,2013,Muy seguro,Algo insatisfecho
Bucaramanga,2013,Algo seguro,Algo satisfecho
Bucaramanga,2013,Poco seguro,Ni satisfecho ni insatisfecho
Bucaramanga,2013,Algo seguro,Ni satisfecho ni insatisfecho
Bucaramanga,2013,Algo seguro,Algo satisfecho
Bucaramanga,2013,Poco seguro,Algo insatisfecho
Bucaramanga,2013,Algo seguro,Algo insatisfecho
Bucaramanga,2013,Algo seguro,Algo satisfecho
Bucaramanga,2013,Poco seguro,Algo satisfecho
Bucaramanga,2013,Algo seguro,Algo satisfecho
Bucaramanga,2013,Seguro,Muy insatisfecho
Bucaramanga,2013,Seguro,Algo insatisfecho
Bucaramanga,2013,Poco seguro,Muy insatisfecho
Bucaramanga,2013,Muy seguro,Muy insatisfecho
Bucaramanga,2013,Algo seguro,Algo insatisfecho
Bucaramanga,2013,Muy seguro,Ni satisfecho ni insatisfecho
Bucaramanga,2013,Seguro,Muy insatisfecho
Bucaramanga,2013,Muy seguro,Ni satisfecho ni insatisfecho
Bucaramanga,2013,Seguro,Algo insatisfecho
Bucaramanga,2013,Algo seguro,Ni satisfecho ni insatisfecho
Bucaramanga,2013,Algo seguro,Algo insatisfecho
Bucaramanga,2013,Algo seguro,Muy insatisfecho
Bucaramanga,2013,Seguro,Muy insatisfecho
Bucaramanga,2013,Nada seguro,Muy insatisfecho
Bucaramanga,2013,Algo seguro,Ni satisfecho ni insatisfecho
Bucaramanga,2013,Seguro,Ni satisfecho ni insatisfecho
Bucaramanga,2013,Seguro,Algo insatisfecho
Bucaramanga,2013,Seguro,Ni satisfecho ni insatisfecho
Bucaramanga,2013,Algo seguro,Muy insatisfecho
Bucaramanga,2013,Algo seguro,Algo insatisfecho
Bucaramanga,2013,Nada seguro,Muy insatisfecho
Bucaramanga,2013,Seguro,Algo insatisfecho
Bucaramanga,2013,Poco seguro,Algo insatisfecho
Bucaramanga,2013,Seguro,Muy insatisfecho
Bucaramanga,2013,Algo seguro,Muy insatisfecho
Bucaramanga,2013,Seguro,Algo insatisfecho
Bucaramanga,2013,Algo seguro,Algo insatisfecho
Bucaramanga,2013,Algo seguro,Algo insatisfecho
Bucaramanga,2013,Algo seguro,Algo insatisfecho
Bucaramanga,2013,Seguro,Algo insatisfecho
Bucaramanga,2013,Seguro,Algo insatisfecho
Bucaramanga,2013,Seguro,Algo insatisfecho
Bucaramanga,2013,Algo seguro,Algo insatisfecho
Bucaramanga,2013,Nada seguro,Ni satisfecho ni insatisfecho
Bucaramanga,2013,Seguro,Algo insatisfecho
Bucaramanga,2013,Algo seguro,Ni satisfecho ni insatisfecho
Bucaramanga,2013,Muy seguro,Algo insatisfecho
Bucaramanga,2013,Algo seguro,Ni satisfecho ni insatisfecho
Bucaramanga,2013,Seguro,Algo satisfecho
Bucaramanga,2013,Algo seguro,Algo insatisfecho
Bucaramanga,2013,Muy seguro,Ni satisfecho ni insatisfecho
Bucaramanga,2013,Seguro,Algo satisfecho
Bucaramanga,2013,Algo seguro,Algo satisfecho
Bucaramanga,2013,Seguro,Ni satisfecho ni insatisfecho
Bucaramanga,2013,Poco seguro,Algo insatisfecho
Bucaramanga,2013,Algo seguro,Ni satisfecho ni insatisfecho
Bucaramanga,2013,Seguro,Ni satisfecho ni insatisfecho
Bucaramanga,2013,Muy seguro,Algo insatisfecho
Bucaramanga,2013,Algo seguro,Algo satisfecho
Bucaramanga,2013,Algo seguro,Algo insatisfecho
Bucaramanga,2013,Seguro,Muy insatisfecho
Bucaramanga,2013,Seguro,Muy insatisfecho
Bucaramanga,2013,Algo seguro,Ni satisfecho ni insatisfecho
Bucaramanga,2013,Nada seguro,Muy insatisfecho
Bucaramanga,2013,Nada seguro,Muy satisfecho
Bucaramanga,2013,Algo seguro,Ni satisfecho ni insatisfecho
Bucaramanga,2013,Poco seguro,Algo insatisfecho
Bucaramanga,2013,Algo seguro,Muy insatisfecho
Bucaramanga,2013,Poco seguro,Muy insatisfecho
Bucaramanga,2013,Poco seguro,Algo satisfecho
Bucaramanga,2013,Poco seguro,Ni satisfecho ni insatisfecho
Bucaramanga,2013,Seguro,Algo insatisfecho
Bucaramanga,2013,Nada seguro,Muy insatisfecho
Bucaramanga,2013,Nada seguro,Algo insatisfecho
Bucaramanga,2013,Algo seguro,Algo insatisfecho
Bucaramanga,2013,Algo seguro,Muy insatisfecho
Bucaramanga,2013,Algo seguro,Ni satisfecho ni insatisfecho
Bucaramanga,2013,Seguro,Algo insatisfecho
Bucaramanga,2013,Seguro,Algo satisfecho
Bucaramanga,2013,Muy seguro,Algo insatisfecho
Bucaramanga,2013,Algo seguro,Ni satisfecho ni insatisfecho
Bucaramanga,2013,Poco seguro,Muy insatisfecho
Bucaramanga,2013,Poco seguro,Algo insatisfecho
Bucaramanga,2013,Algo seguro,Ni satisfecho ni insatisfecho
Bucaramanga,2013,Nada seguro,Ni satisfecho ni insatisfecho
Bucaramanga,2013,Muy seguro,Muy insatisfecho
Bucaramanga,2013,Muy seguro,Muy satisfecho
Bucaramanga,2013,Poco seguro,Ni satisfecho ni insatisfecho
Bucaramanga,2013,Algo seguro,Ni satisfecho ni insatisfecho
Bucaramanga,2013,Seguro,Ni satisfecho ni insatisfecho
Bucaramanga,2013,Nada seguro,Muy insatisfecho
Bucaramanga,2013,Algo seguro,Ni satisfecho ni insatisfecho
Bucaramanga,2013,Muy seguro,Algo satisfecho
Bucaramanga,2013,Seguro,Ni satisfecho ni insatisfecho
Bucaramanga,2013,Nada seguro,Muy insatisfecho
Bucaramanga,2013,Seguro,Ni satisfecho ni insatisfecho
Bucaramanga,2013,Algo seguro,Algo satisfecho
Bucaramanga,2013,Muy seguro,Muy insatisfecho
Bucaramanga,2013,Nada seguro,Muy insatisfecho
Bucaramanga,2013,Nada seguro,Algo insatisfecho
Bucaramanga,2013,Poco seguro,Algo insatisfecho
Bucaramanga,2013,Muy seguro,Ni satisfecho ni insatisfecho
Bucaramanga,2013,Muy seguro,Algo insatisfecho
Bucaramanga,2013,Muy seguro,Ni satisfecho ni insatisfecho
Bucaramanga,2013,Algo seguro,Ni satisfecho ni insatisfecho
Bucaramanga,2013,Seguro,Muy insatisfecho
Bucaramanga,2013,Seguro,Muy insatisfecho
Bucaramanga,2013,Algo seguro,Algo insatisfecho
Bucaramanga,2013,Algo seguro,Ni satisfecho ni insatisfecho
Bucaramanga,2013,Algo seguro,Algo insatisfecho
Bucaramanga,2013,Nada seguro,Ni satisfecho ni insatisfecho
Bucaramanga,2013,Algo seguro,Ni satisfecho ni insatisfecho
Bucaramanga,2013,Algo seguro,Algo insatisfecho
Bucaramanga,2013,Nada seguro,Algo insatisfecho
Bucaramanga,2013,Seguro,Algo insatisfecho
Bucaramanga,2013,Seguro,Ni satisfecho ni insatisfecho
Bucaramanga,2013,Seguro,Ni satisfecho ni insatisfecho
Bucaramanga,2013,Poco seguro,Algo insatisfecho
Bucaramanga,2013,Poco seguro,Algo insatisfecho
Bucaramanga,2013,Algo seguro,Muy insatisfecho
Bucaramanga,2013,Seguro,Algo insatisfecho
Bucaramanga,2013,Algo seguro,Ni satisfecho ni insatisfecho
Bucaramanga,2013,Muy seguro,Ni satisfecho ni insatisfecho
Bucaramanga,2013,Algo seguro,Algo insatisfecho
Bucaramanga,2013,Nada seguro,Ni satisfecho ni insatisfecho
Bucaramanga,2013,Seguro,Algo insatisfecho
Bucaramanga,2013,Algo seguro,Ni satisfecho ni insatisfecho
Bucaramanga,2013,Poco seguro,Ni satisfecho ni insatisfecho
Bucaramanga,2013,Algo seguro,Ni satisfecho ni insatisfecho
Bucaramanga,2013,Algo seguro,Algo insatisfecho
Bucaramanga,2013,Nada seguro,Algo insatisfecho
Bucaramanga,2013,Algo seguro,Algo insatisfecho
Bucaramanga,2013,Algo seguro,Muy insatisfecho
Bucaramanga,2013,Nada seguro,Algo insatisfecho
Bucaramanga,2013,Seguro,Algo insatisfecho
Bucaramanga,2013,Poco seguro,Algo satisfecho
Bucaramanga,2013,Algo seguro,Ni satisfecho ni insatisfecho
Bucaramanga,2013,Seguro,Ni satisfecho ni insatisfecho
Bucaramanga,2013,Poco seguro,Ni satisfecho ni insatisfecho
Bucaramanga,2013,Algo seguro,Ni satisfecho ni insatisfecho
Bucaramanga,2013,Seguro,Ni satisfecho ni insatisfecho
Bucaramanga,2013,Seguro,Algo insatisfecho
Bucaramanga,2013,Seguro,Algo satisfecho
Bucaramanga,2013,Algo seguro,Muy insatisfecho
Bucaramanga,2013,Seguro,Ni satisfecho ni insatisfecho
Bucaramanga,2013,Poco seguro,Algo satisfecho
Bucaramanga,2013,Muy seguro,Ni satisfecho ni insatisfecho
Bucaramanga,2013,Seguro,Algo satisfecho
Bucaramanga,2013,Poco seguro,Ni satisfecho ni insatisfecho
Bucaramanga,2013,Algo seguro,Algo insatisfecho
Bucaramanga,2013,Poco seguro,Ni satisfecho ni insatisfecho
Bucaramanga,2013,Algo seguro,Algo insatisfecho
Bucaramanga,2013,Algo seguro,Algo satisfecho
Bucaramanga,2013,Nada seguro,Muy insatisfecho
Bucaramanga,2013,Nada seguro,Algo insatisfecho
Bucaramanga,2013,Algo seguro,Ni satisfecho ni insatisfecho
Bucaramanga,2013,Poco seguro,Ni satisfecho ni insatisfecho
Bucaramanga,2013,Poco seguro,Algo satisfecho
Bucaramanga,2013,Seguro,Algo satisfecho
Bucaramanga,2013,Algo seguro,Muy insatisfecho
Bucaramanga,2013,Algo seguro,Algo insatisfecho
Bucaramanga,2013,Algo seguro,Ni satisfecho ni insatisfecho
Bucaramanga,2013,Algo seguro,Algo insatisfecho
Bucaramanga,2013,Nada seguro,Muy insatisfecho
Bucaramanga,2013,Muy seguro,Ni satisfecho ni insatisfecho
Bucaramanga,2013,Algo seguro,Ni satisfecho ni insatisfecho
Bucaramanga,2013,Algo seguro,Ni satisfecho ni insatisfecho
Bucaramanga,2013,Seguro,Muy insatisfecho
Bucaramanga,2013,Algo seguro,Muy insatisfecho
Bucaramanga,2013,Seguro,Algo satisfecho
Bucaramanga,2013,Algo seguro,Muy insatisfecho
Bucaramanga,2013,Poco seguro,Muy insatisfecho
Bucaramanga,2013,Algo seguro,Ni satisfecho ni insatisfecho
Bucaramanga,2013,Poco seguro,Muy insatisfecho
Bucaramanga,2013,Poco seguro,Muy insatisfecho
Bucaramanga,2013,Algo seguro,Ni satisfecho ni insatisfecho
Bucaramanga,2013,Nada seguro,Ni satisfecho ni insatisfecho
Bucaramanga,2013,Nada seguro,Algo satisfecho
Bucaramanga,2013,Algo seguro,Ni satisfecho ni insatisfecho
Bucaramanga,2013,Algo seguro,Muy insatisfecho
Bucaramanga,2013,Poco seguro,Muy insatisfecho
Bucaramanga,2013,Algo seguro,Ni satisfecho ni insatisfecho
Bucaramanga,2013,Nada seguro,Algo insatisfecho
Bucaramanga,2013,Seguro,Ni satisfecho ni insatisfecho
Bucaramanga,2013,Poco seguro,Ni satisfecho ni insatisfecho
Bucaramanga,2013,Poco seguro,Ni satisfecho ni insatisfecho
Bucaramanga,2013,Algo seguro,Ni satisfecho ni insatisfecho
Bucaramanga,2013,Seguro,Ni satisfecho ni insatisfecho
Bucaramanga,2013,Poco seguro,Ni satisfecho ni insatisfecho
Bucaramanga,2013,Algo seguro,Algo insatisfecho
Bucaramanga,2013,Algo seguro,Ni satisfecho ni insatisfecho
Bucaramanga,2013,Muy seguro,Algo insatisfecho
Bucaramanga,2013,Poco seguro,Algo satisfecho
Bucaramanga,2013,Seguro,Algo satisfecho
Bucaramanga,2013,Muy seguro,Ni satisfecho ni insatisfecho
Bucaramanga,2013,Seguro,Ni satisfecho ni insatisfecho
Bucaramanga,2013,Seguro,Muy insatisfecho
Bucaramanga,2013,Muy seguro,Algo satisfecho
Bucaramanga,2013,Poco seguro,Algo insatisfecho
Bucaramanga,2013,Poco seguro,Algo satisfecho
Bucaramanga,2013,Seguro,Ni satisfecho ni insatisfecho
Bucaramanga,2013,Muy seguro,Algo insatisfecho
Bucaramanga,2013,Muy seguro,Ni satisfecho ni insatisfecho
Bucaramanga,2013,Algo seguro,Ni satisfecho ni insatisfecho
Bucaramanga,2013,Poco seguro,Ni satisfecho ni insatisfecho
Bucaramanga,2013,Seguro,Algo insatisfecho
Bucaramanga,2013,Poco seguro,Algo insatisfecho
Bucaramanga,2013,Muy seguro,Ni satisfecho ni insatisfecho
Bucaramanga,2013,Algo seguro,Ni satisfecho ni insatisfecho
Bucaramanga,2013,Poco seguro,Ni satisfecho ni insatisfecho
Bucaramanga,2013,Algo seguro,Ni satisfecho ni insatisfecho
Bucaramanga,2013,Nada seguro,Muy satisfecho
Bucaramanga,2013,Algo seguro,Ni satisfecho ni insatisfecho
Bucaramanga,2013,Seguro,Ni satisfecho ni insatisfecho
Bucaramanga,2013,Muy seguro,Muy satisfecho
Bucaramanga,2013,Muy seguro,Algo insatisfecho
Bucaramanga,2013,Algo seguro,Ni satisfecho ni insatisfecho
Bucaramanga,2013,Algo seguro,Algo satisfecho
Bucaramanga,2013,Algo seguro,Algo insatisfecho
Bucaramanga,2013,Muy seguro,Ni satisfecho ni insatisfecho
Bucaramanga,2013,Algo seguro,Ni satisfecho ni insatisfecho
Bucaramanga,2013,Poco seguro,Muy insatisfecho
Bucaramanga,2013,Algo seguro,Ni satisfecho ni insatisfecho
Bucaramanga,2013,Algo seguro,Ni satisfecho ni insatisfecho
Bucaramanga,2013,Nada seguro,Algo insatisfecho
Bucaramanga,2013,Seguro,Algo satisfecho
Bucaramanga,2013,Seguro,Algo insatisfecho
Bucaramanga,2013,Nada seguro,Algo insatisfecho
Bucaramanga,2013,Algo seguro,Ni satisfecho ni insatisfecho
Bucaramanga,2013,Algo seguro,Algo insatisfecho
Bucaramanga,2013,Muy seguro,Algo satisfecho
Bucaramanga,2013,Seguro,Algo insatisfecho
Bucaramanga,2013,Nada seguro,Ni satisfecho ni insatisfecho
Bucaramanga,2013,Algo seguro,Ni satisfecho ni insatisfecho
Bucaramanga,2013,Muy seguro,Muy satisfecho
Bucaramanga,2013,Seguro,Ni satisfecho ni insatisfecho
Bucaramanga,2013,Muy seguro,Algo insatisfecho
Bucaramanga,2013,Algo seguro,Algo insatisfecho
Bucaramanga,2013,Poco seguro,Ni satisfecho ni insatisfecho
Bucaramanga,2013,Algo seguro,Muy insatisfecho
Bucaramanga,2013,Nada seguro,Algo insatisfecho
Bucaramanga,2013,Algo seguro,Muy insatisfecho
Bucaramanga,2013,Algo seguro,Algo insatisfecho
Bucaramanga,2013,Algo seguro,Algo insatisfecho
Bucaramanga,2013,Seguro,Ni satisfecho ni insatisfecho
Bucaramanga,2013,Poco seguro,Algo insatisfecho
Bucaramanga,2013,Seguro,Algo satisfecho
Bucaramanga,2013,Algo seguro,Ni satisfecho ni insatisfecho
Bucaramanga,2013,Algo seguro,Algo insatisfecho
Bucaramanga,2013,Poco seguro,Algo satisfecho
Bucaramanga,2013,Algo seguro,Algo insatisfecho
Bucaramanga,2013,Algo seguro,Ni satisfecho ni insatisfecho
Bucaramanga,2013,Algo seguro,Algo satisfecho
Bucaramanga,2013,Algo seguro,Ni satisfecho ni insatisfecho
Bucaramanga,2013,Algo seguro,Ni satisfecho ni insatisfecho
Bucaramanga,2013,Seguro,Algo insatisfecho
Bucaramanga,2013,Algo seguro,Ni satisfecho ni insatisfecho
Bucaramanga,2013,Seguro,Algo insatisfecho
Bucaramanga,2013,Algo seguro,Muy insatisfecho
Bucaramanga,2013,Muy seguro,Algo satisfecho
Bucaramanga,2013,Muy seguro,Ni satisfecho ni insatisfecho
Bucaramanga,2013,Algo seguro,Ni satisfecho ni insatisfecho
Bucaramanga,2013,Seguro,Algo satisfecho
Bucaramanga,2013,Algo seguro,Algo satisfecho
Bucaramanga,2013,Poco seguro,Ni satisfecho ni insatisfecho
Bucaramanga,2013,Seguro,Algo satisfecho
Bucaramanga,2013,Algo seguro,Algo satisfecho
Bucaramanga,2013,Poco seguro,Ni satisfecho ni insatisfecho
Bucaramanga,2013,Algo seguro,Ni satisfecho ni insatisfecho
Bucaramanga,2013,Algo seguro,Algo satisfecho
Bucaramanga,2013,Poco seguro,Ni satisfecho ni insatisfecho
Bucaramanga,2013,Poco seguro,Algo insatisfecho
Bucaramanga,2013,Algo seguro,Ni satisfecho ni insatisfecho
Bucaramanga,2013,Algo seguro,Algo satisfecho
Bucaramanga,2013,Seguro,Ni satisfecho ni insatisfecho
Bucaramanga,2013,Muy seguro,Ni satisfecho ni insatisfecho
Bucaramanga,2013,Algo seguro,Algo satisfecho
Bucaramanga,2013,Seguro,Algo satisfecho
Bucaramanga,2013,Seguro,Ni satisfecho ni insatisfecho
Bucaramanga,2013,Seguro,Algo insatisfecho
Bucaramanga,2013,Seguro,Muy insatisfecho
Bucaramanga,2013,Algo seguro,Muy insatisfecho
Bucaramanga,2013,Seguro,Ni satisfecho ni insatisfecho
Bucaramanga,2013,Muy seguro,Ni satisfecho ni insatisfecho
Bucaramanga,2013,Seguro,Ni satisfecho ni insatisfecho
Bucaramanga,2013,Seguro,Ni satisfecho ni insatisfecho
Bucaramanga,2013,Algo seguro,Algo insatisfecho
Bucaramanga,2013,Seguro,Algo insatisfecho
Bucaramanga,2013,Algo seguro,Muy insatisfecho
Bucaramanga,2013,Poco seguro,Algo insatisfecho
Bucaramanga,2013,Seguro,Algo insatisfecho
Bucaramanga,2013,Seguro,Muy insatisfecho
Bucaramanga,2013,Algo seguro,Algo insatisfecho
Bucaramanga,2013,Poco seguro,Ni satisfecho ni insatisfecho
Bucaramanga,2013,Seguro,Muy satisfecho
Bucaramanga,2013,Algo seguro,Ni satisfecho ni insatisfecho
Bucaramanga,2013,Seguro,Ni satisfecho ni insatisfecho
Bucaramanga,2013,Muy seguro,Ni satisfecho ni insatisfecho
Bucaramanga,2013,Algo seguro,Muy insatisfecho
Bucaramanga,2013,Seguro,Ni satisfecho ni insatisfecho
Bucaramanga,2013,Seguro,Algo insatisfecho
Bucaramanga,2013,Algo seguro,Algo satisfecho
Bucaramanga,2013,Algo seguro,Ni satisfecho ni insatisfecho
Bucaramanga,2013,Algo seguro,Ni satisfecho ni insatisfecho
Bucaramanga,2013,Algo seguro,Algo insatisfecho
Bucaramanga,2013,Algo seguro,Muy insatisfecho
Bucaramanga,2013,Muy seguro,Ni satisfecho ni insatisfecho
Bucaramanga,2013,Algo seguro,Algo insatisfecho
Bucaramanga,2013,Algo seguro,Algo insatisfecho
Bucaramanga,2013,Muy seguro,Algo insatisfecho
Bucaramanga,2013,Algo seguro,Algo insatisfecho
Bucaramanga,2013,Algo seguro,Muy insatisfecho
Bucaramanga,2013,Poco seguro,Ni satisfecho ni insatisfecho
Bucaramanga,2013,Seguro,Ni satisfecho ni insatisfecho
Bucaramanga,2013,Seguro,Ni satisfecho ni insatisfecho
Bucaramanga,2013,Muy seguro,Algo insatisfecho
Bucaramanga,2013,Algo seguro,Ni satisfecho ni insatisfecho
Bucaramanga,2013,Poco seguro,Algo satisfecho
Bucaramanga,2013,Seguro,Ni satisfecho ni insatisfecho
Bucaramanga,2013,Muy seguro,Ni satisfecho ni insatisfecho
Bucaramanga,2013,Algo seguro,Ni satisfecho ni insatisfecho
Bucaramanga,2013,Algo seguro,Muy insatisfecho
Bucaramanga,2013,Seguro,Algo insatisfecho
Bucaramanga,2013,Algo seguro,Algo satisfecho
Bucaramanga,2013,Algo seguro,Algo insatisfecho
Bucaramanga,2013,Poco seguro,Algo insatisfecho
Bucaramanga,2013,Poco seguro,Muy insatisfecho
Bucaramanga,2013,Poco seguro,Algo insatisfecho
Bucaramanga,2013,Algo seguro,Algo satisfecho
Bucaramanga,2013,Nada seguro,Muy insatisfecho
Bucaramanga,2013,Seguro,Muy satisfecho
Bucaramanga,2013,Seguro,Ni satisfecho ni insatisfecho
Bucaramanga,2013,Algo seguro,Ni satisfecho ni insatisfecho
Bucaramanga,2013,Seguro,Ni satisfecho ni insatisfecho
Bucaramanga,2013,Algo seguro,Algo insatisfecho
Bucaramanga,2013,Nada seguro,Ni satisfecho ni insatisfecho
Bucaramanga,2013,Poco seguro,Ni satisfecho ni insatisfecho
Bucaramanga,2013,Algo seguro,Algo satisfecho
Bucaramanga,2013,Seguro,Algo satisfecho
Bucaramanga,2013,Algo seguro,Ni satisfecho ni insatisfecho
Bucaramanga,2013,Muy seguro,Algo insatisfecho
Bucaramanga,2013,Seguro,Ni satisfecho ni insatisfecho
Bucaramanga,2013,Muy seguro,Algo satisfecho
Bucaramanga,2013,Seguro,Algo insatisfecho
Bucaramanga,2013,Nada seguro,Ni satisfecho ni insatisfecho
Bucaramanga,2013,Algo seguro,Muy insatisfecho
Bucaramanga,2013,Poco seguro,Algo insatisfecho
Bucaramanga,2013,Algo seguro,Algo satisfecho
Bucaramanga,2013,Muy seguro,Ni satisfecho ni insatisfecho
Bucaramanga,2013,Nada seguro,Ni satisfecho ni insatisfecho
Bucaramanga,2013,Algo seguro,Ni satisfecho ni insatisfecho
Bucaramanga,2013,Seguro,Ni satisfecho ni insatisfecho
Bucaramanga,2013,Algo seguro,Ni satisfecho ni insatisfecho
Bucaramanga,2013,Poco seguro,Algo satisfecho
Bucaramanga,2013,Algo seguro,Muy satisfecho
Bucaramanga,2013,Seguro,Algo insatisfecho
Bucaramanga,2013,Muy seguro,Muy insatisfecho
Bucaramanga,2013,Seguro,Algo insatisfecho
Bucaramanga,2013,Algo seguro,Algo insatisfecho
Bucaramanga,2013,Muy seguro,Ni satisfecho ni insatisfecho
Bucaramanga,2013,Poco seguro,Muy insatisfecho
Bucaramanga,2013,Poco seguro,Algo satisfecho
Bucaramanga,2013,Algo seguro,Ni satisfecho ni insatisfecho
Bucaramanga,2013,Seguro,Algo satisfecho
Bucaramanga,2013,Seguro,Ni satisfecho ni insatisfecho
Bucaramanga,2013,Algo seguro,Algo satisfecho
Bucaramanga,2013,Seguro,Algo insatisfecho
Bucaramanga,2013,Seguro,Algo satisfecho
Bucaramanga,2013,Seguro,Muy satisfecho
Bucaramanga,2013,Muy seguro,Ni satisfecho ni insatisfecho
Bucaramanga,2013,Poco seguro,Muy insatisfecho
Bucaramanga,2013,Algo seguro,Ni satisfecho ni insatisfecho
Bucaramanga,2013,Algo seguro,Algo insatisfecho
Bucaramanga,2013,Muy seguro,Ni satisfecho ni insatisfecho
Bucaramanga,2013,Seguro,Algo satisfecho
Bucaramanga,2013,Algo seguro,Algo satisfecho
Bucaramanga,2013,Poco seguro,Ni satisfecho ni insatisfecho
Bucaramanga,2013,Poco seguro,Algo insatisfecho
Bucaramanga,2013,Seguro,Muy insatisfecho
Bucaramanga,2013,Seguro,Ni satisfecho ni insatisfecho
Bucaramanga,2013,Seguro,Ni satisfecho ni insatisfecho
Bucaramanga,2013,Poco seguro,Algo insatisfecho
Bucaramanga,2013,Nada seguro,Ni satisfecho ni insatisfecho
Bucaramanga,2013,Algo seguro,Algo insatisfecho
Bucaramanga,2013,Algo seguro,Ni satisfecho ni insatisfecho
Bucaramanga,2013,Poco seguro,Algo insatisfecho
Bucaramanga,2013,Algo seguro,Algo insatisfecho
Bucaramanga,2013,Poco seguro,Muy insatisfecho
Bucaramanga,2013,Algo seguro,Ni satisfecho ni insatisfecho
Bucaramanga,2013,Seguro,Muy insatisfecho
Bucaramanga,2013,Algo seguro,Algo insatisfecho
Bucaramanga,2013,Seguro,Ni satisfecho ni insatisfecho
Bucaramanga,2013,Poco seguro,Ni satisfecho ni insatisfecho
Bucaramanga,2013,Seguro,Algo satisfecho
Bucaramanga,2013,Algo seguro,Algo insatisfecho
Bucaramanga,2013,Algo seguro,Algo insatisfecho
Bucaramanga,2013,Algo seguro,Ni satisfecho ni insatisfecho
Bucaramanga,2013,Seguro,Ni satisfecho ni insatisfecho
Bucaramanga,2013,Algo seguro,Algo insatisfecho
Bucaramanga,2013,Algo seguro,Ni satisfecho ni insatisfecho
Bucaramanga,2013,Algo seguro,Muy insatisfecho
Bucaramanga,2013,Seguro,Muy insatisfecho
Bucaramanga,2013,Algo seguro,Algo insatisfecho
Bucaramanga,2013,Seguro,Algo satisfecho
Bucaramanga,2013,Seguro,Algo satisfecho
Bucaramanga,2013,Seguro,Algo satisfecho
Bucaramanga,2013,Seguro,Ni satisfecho ni insatisfecho
Bucaramanga,2013,Nada seguro,Muy insatisfecho
Bucaramanga,2013,Algo seguro,Muy insatisfecho
Bucaramanga,2013,Seguro,Ni satisfecho ni insatisfecho
Bucaramanga,2013,Algo seguro,Ni satisfecho ni insatisfecho
Bucaramanga,2013,Poco seguro,Ni satisfecho ni insatisfecho
Bucaramanga,2013,Algo seguro,Ni satisfecho ni insatisfecho
Bucaramanga,2013,Seguro,Algo insatisfecho
Bucaramanga,2013,Seguro,Algo insatisfecho
Bucaramanga,2013,Muy seguro,Muy insatisfecho
Bucaramanga,2013,Seguro,Algo satisfecho
Bucaramanga,2013,Seguro,Algo satisfecho
Bucaramanga,2013,Seguro,Ni satisfecho ni insatisfecho
Bucaramanga,2013,Poco seguro,Algo insatisfecho
Bucaramanga,2013,Algo seguro,Muy satisfecho
Bucaramanga,2013,Nada seguro,Algo insatisfecho
Bucaramanga,2013,Nada seguro,Muy insatisfecho
Bucaramanga,2013,Algo seguro,Ni satisfecho ni insatisfecho
Bucaramanga,2013,Seguro,Algo insatisfecho
Bucaramanga,2013,Algo seguro,Algo satisfecho
Bucaramanga,2013,Algo seguro,Ni satisfecho ni insatisfecho
Bucaramanga,2013,Algo seguro,Algo insatisfecho
Bucaramanga,2013,Seguro,Ni satisfecho ni insatisfecho
Bucaramanga,2013,Algo seguro,Algo insatisfecho
Bucaramanga,2013,Algo seguro,Algo insatisfecho
Bucaramanga,2013,Poco seguro,Ni satisfecho ni insatisfecho
Bucaramanga,2013,Algo seguro,Ni satisfecho ni insatisfecho
Bucaramanga,2013,Seguro,Algo satisfecho
Bucaramanga,2013,Algo seguro,Ni satisfecho ni insatisfecho
Bucaramanga,2013,Algo seguro,Algo insatisfecho
Bucaramanga,2013,Seguro,Algo insatisfecho
Bucaramanga,2013,Algo seguro,Algo insatisfecho
Bucaramanga,2013,Poco seguro,Ni satisfecho ni insatisfecho
Bucaramanga,2013,Poco seguro,Algo insatisfecho
Bucaramanga,2013,Algo seguro,Algo insatisfecho
Bucaramanga,2013,Algo seguro,Algo satisfecho
Bucaramanga,2013,Poco seguro,Algo satisfecho
Bucaramanga,2013,Algo seguro,Ni satisfecho ni insatisfecho
Bucaramanga,2013,Algo seguro,Ni satisfecho ni insatisfecho
Bucaramanga,2013,Seguro,Ni satisfecho ni insatisfecho
Bucaramanga,2013,Algo seguro,Algo satisfecho
Bucaramanga,2013,Seguro,Algo insatisfecho
Bucaramanga,2013,Muy seguro,Algo satisfecho
Bucaramanga,2013,Algo seguro,Ni satisfecho ni insatisfecho
Bucaramanga,2013,Seguro,Algo satisfecho
Bucaramanga,2013,Algo seguro,Muy insatisfecho
Bucaramanga,2013,Algo seguro,Ni satisfecho ni insatisfecho
Bucaramanga,2013,Algo seguro,Algo insatisfecho
Bucaramanga,2013,Muy seguro,Ni satisfecho ni insatisfecho
Bucaramanga,2013,Seguro,Algo satisfecho
Bucaramanga,2013,Algo seguro,Ni satisfecho ni insatisfecho
Bucaramanga,2013,Poco seguro,Ni satisfecho ni insatisfecho
Bucaramanga,2013,Nada seguro,Algo satisfecho
Bucaramanga,2013,Poco seguro,Ni satisfecho ni insatisfecho
Bucaramanga,2013,Algo seguro,Algo insatisfecho
Bucaramanga,2013,Muy seguro,Ni satisfecho ni insatisfecho
Bucaramanga,2013,Muy seguro,Ni satisfecho ni insatisfecho
Bucaramanga,2013,Algo seguro,Algo insatisfecho
Bucaramanga,2013,Algo seguro,Algo insatisfecho
Bucaramanga,2013,Algo seguro,Algo insatisfecho
Bucaramanga,2013,Seguro,Algo insatisfecho
Bucaramanga,2013,Algo seguro,Ni satisfecho ni insatisfecho
Bucaramanga,2013,Seguro,Algo insatisfecho
Bucaramanga,2013,Poco seguro,Ni satisfecho ni insatisfecho
Bucaramanga,2013,Seguro,Algo insatisfecho
Bucaramanga,2013,Algo seguro,Muy insatisfecho
Bucaramanga,2013,Poco seguro,Algo insatisfecho
Bucaramanga,2013,Algo seguro,Algo insatisfecho
Bucaramanga,2013,Poco seguro,Muy insatisfecho
Bucaramanga,2013,Algo seguro,Muy insatisfecho
Bucaramanga,2013,Algo seguro,Algo insatisfecho
Bucaramanga,2013,Seguro,Ni satisfecho ni insatisfecho
Bucaramanga,2013,Algo seguro,Ni satisfecho ni insatisfecho
Bucaramanga,2013,Poco seguro,Algo insatisfecho
Bucaramanga,2013,Algo seguro,Algo satisfecho
Bucaramanga,2013,Seguro,Ni satisfecho ni insatisfecho
Bucaramanga,2013,Algo seguro,Muy insatisfecho
Bucaramanga,2013,Algo seguro,Ni satisfecho ni insatisfecho
Bucaramanga,2013,Algo seguro,Algo insatisfecho
Bucaramanga,2013,Seguro,Ni satisfecho ni insatisfecho
Bucaramanga,2013,Seguro,Algo insatisfecho
Bucaramanga,2013,Algo seguro,Ni satisfecho ni insatisfecho
Bucaramanga,2013,Seguro,Algo satisfecho
Bucaramanga,2013,Seguro,Algo insatisfecho
Bucaramanga,2013,Poco seguro,Ni satisfecho ni insatisfecho
Bucaramanga,2014,Algo seguro,Algo satisfecho
Bucaramanga,2014,Algo seguro,Muy satisfecho
Bucaramanga,2014,Muy seguro,Ni satisfecho ni insatisfecho
Bucaramanga,2014,Seguro,Ni satisfecho ni insatisfecho
Bucaramanga,2014,Muy seguro,Ni satisfecho ni insatisfecho
Bucaramanga,2014,Algo seguro,Algo satisfecho
Bucaramanga,2014,Algo seguro,Algo satisfecho
Bucaramanga,2014,Algo seguro,Ni satisfecho ni insatisfecho
Bucaramanga,2014,Algo seguro,Algo satisfecho
Bucaramanga,2014,Seguro,Muy satisfecho
Bucaramanga,2014,Algo seguro,Ni satisfecho ni insatisfecho
Bucaramanga,2014,Algo seguro,Muy satisfecho
Bucaramanga,2014,Seguro,Algo insatisfecho
Bucaramanga,2014,Nada seguro,Muy satisfecho
Bucaramanga,2014,Seguro,Algo insatisfecho
Bucaramanga,2014,Algo seguro,Ni satisfecho ni insatisfecho
Bucaramanga,2014,Seguro,Algo insatisfecho
Bucaramanga,2014,Seguro,Ni satisfecho ni insatisfecho
Bucaramanga,2014,Seguro,Muy satisfecho
Bucaramanga,2014,Seguro,Ni satisfecho ni insatisfecho
Bucaramanga,2014,Muy seguro,Ni satisfecho ni insatisfecho
Bucaramanga,2014,Seguro,Algo satisfecho
Bucaramanga,2014,Muy seguro,Ni satisfecho ni insatisfecho
Bucaramanga,2014,Algo seguro,Algo insatisfecho
Bucaramanga,2014,Seguro,Algo satisfecho
Bucaramanga,2014,Muy seguro,Ni satisfecho ni insatisfecho
Bucaramanga,2014,Seguro,Ni satisfecho ni insatisfecho
Bucaramanga,2014,Seguro,Algo satisfecho
Bucaramanga,2014,Algo seguro,Muy satisfecho
Bucaramanga,2014,Poco seguro,Algo satisfecho
Bucaramanga,2014,Nada seguro,Algo satisfecho
Bucaramanga,2014,Seguro,Muy satisfecho
Bucaramanga,2014,Algo seguro,Algo satisfecho
Bucaramanga,2014,Algo seguro,Algo satisfecho
Bucaramanga,2014,Nada seguro,Ni satisfecho ni insatisfecho
Bucaramanga,2014,Seguro,Algo satisfecho
Bucaramanga,2014,Algo seguro,Ni satisfecho ni insatisfecho
Bucaramanga,2014,Algo seguro,Algo insatisfecho
Bucaramanga,2014,Algo seguro,Ni satisfecho ni insatisfecho
Bucaramanga,2014,Algo seguro,Ni satisfecho ni insatisfecho
Bucaramanga,2014,Muy seguro,Algo satisfecho
Bucaramanga,2014,Nada seguro,Algo satisfecho
Bucaramanga,2014,Algo seguro,Algo satisfecho
Bucaramanga,2014,Algo seguro,Algo insatisfecho
Bucaramanga,2014,Algo seguro,Algo insatisfecho
Bucaramanga,2014,Muy seguro,Algo insatisfecho
Bucaramanga,2014,Algo seguro,Ni satisfecho ni insatisfecho
Bucaramanga,2014,Seguro,Ni satisfecho ni insatisfecho
Bucaramanga,2014,Algo seguro,Algo insatisfecho
Bucaramanga,2014,Seguro,Ni satisfecho ni insatisfecho
Bucaramanga,2014,Seguro,Ni satisfecho ni insatisfecho
Bucaramanga,2014,Seguro,Algo satisfecho
Bucaramanga,2014,Algo seguro,Algo insatisfecho
Bucaramanga,2014,Seguro,Algo satisfecho
Bucaramanga,2014,Seguro,Ni satisfecho ni insatisfecho
Bucaramanga,2014,Seguro,Ni satisfecho ni insatisfecho
Bucaramanga,2014,Algo seguro,Algo satisfecho
Bucaramanga,2014,Seguro,Ni satisfecho ni insatisfecho
Bucaramanga,2014,Seguro,Algo satisfecho
Bucaramanga,2014,Seguro,Ni satisfecho ni insatisfecho
Bucaramanga,2014,Seguro,Ni satisfecho ni insatisfecho
Bucaramanga,2014,Seguro,Algo satisfecho
Bucaramanga,2014,Seguro,Ni satisfecho ni insatisfecho
Bucaramanga,2014,Nada seguro,Algo insatisfecho
Bucaramanga,2014,Seguro,Ni satisfecho ni insatisfecho
Bucaramanga,2014,Seguro,Ni satisfecho ni insatisfecho
Bucaramanga,2014,Seguro,Ni satisfecho ni insatisfecho
Bucaramanga,2014,Seguro,Ni satisfecho ni insatisfecho
Bucaramanga,2014,Nada seguro,Ni satisfecho ni insatisfecho
Bucaramanga,2014,Seguro,Ni satisfecho ni insatisfecho
Bucaramanga,2014,Seguro,Algo insatisfecho
Bucaramanga,2014,Seguro,Ni satisfecho ni insatisfecho
Bucaramanga,2014,Algo seguro,Ni satisfecho ni insatisfecho
Bucaramanga,2014,Seguro,Algo insatisfecho
Bucaramanga,2014,Poco seguro,Muy insatisfecho
Bucaramanga,2014,Algo seguro,Muy insatisfecho
Bucaramanga,2014,Muy seguro,Ni satisfecho ni insatisfecho
Bucaramanga,2014,Nada seguro,Algo insatisfecho
Bucaramanga,2014,Muy seguro,Muy insatisfecho
Bucaramanga,2014,Seguro,Algo insatisfecho
Bucaramanga,2014,Poco seguro,Muy insatisfecho
Bucaramanga,2014,Nada seguro,Algo insatisfecho
Bucaramanga,2014,Muy seguro,Muy insatisfecho
Bucaramanga,2014,Poco seguro,Muy insatisfecho
Bucaramanga,2014,Muy seguro,Algo satisfecho
Bucaramanga,2014,Poco seguro,Muy insatisfecho
Bucaramanga,2014,Muy seguro,Algo satisfecho
Bucaramanga,2014,Seguro,Algo satisfecho
Bucaramanga,2014,Nada seguro,Algo satisfecho
Bucaramanga,2014,Poco seguro,Ni satisfecho ni insatisfecho
Bucaramanga,2014,Algo seguro,Ni satisfecho ni insatisfecho
Bucaramanga,2014,Muy seguro,Algo satisfecho
Bucaramanga,2014,Nada seguro,Ni satisfecho ni insatisfecho
Bucaramanga,2014,Muy seguro,Ni satisfecho ni insatisfecho
Bucaramanga,2014,Muy seguro,Muy satisfecho
Bucaramanga,2014,Seguro,Algo satisfecho
Bucaramanga,2014,Poco seguro,Ni satisfecho ni insatisfecho
Bucaramanga,2014,Algo seguro,Algo satisfecho
Bucaramanga,2014,Nada seguro,Algo satisfecho
Bucaramanga,2014,Poco seguro,Algo insatisfecho
Bucaramanga,2014,Seguro,Ni satisfecho ni insatisfecho
Bucaramanga,2014,Nada seguro,Ni satisfecho ni insatisfecho
Bucaramanga,2014,Seguro,Muy satisfecho
Bucaramanga,2014,Muy seguro,Algo insatisfecho
Bucaramanga,2014,Muy seguro,Ni satisfecho ni insatisfecho
Bucaramanga,2014,Seguro,Ni satisfecho ni insatisfecho
Bucaramanga,2014,Algo seguro,Algo insatisfecho
Bucaramanga,2014,Algo seguro,Ni satisfecho ni insatisfecho
Bucaramanga,2014,Muy seguro,Ni satisfecho ni insatisfecho
Bucaramanga,2014,Poco seguro,Ni satisfecho ni insatisfecho
Bucaramanga,2014,Muy seguro,Algo insatisfecho
Bucaramanga,2014,Algo seguro,Muy satisfecho
Bucaramanga,2014,Seguro,Algo satisfecho
Bucaramanga,2014,Algo seguro,Ni satisfecho ni insatisfecho
Bucaramanga,2014,Algo seguro,Algo insatisfecho
Bucaramanga,2014,Seguro,Algo satisfecho
Bucaramanga,2014,Muy seguro,Algo insatisfecho
Bucaramanga,2014,Poco seguro,Algo satisfecho
Bucaramanga,2014,Nada seguro,Algo satisfecho
Bucaramanga,2014,Nada seguro,Algo insatisfecho
Bucaramanga,2014,Algo seguro,Algo insatisfecho
Bucaramanga,2014,Poco seguro,Ni satisfecho ni insatisfecho
Bucaramanga,2014,Algo seguro,Algo satisfecho
Bucaramanga,2014,Poco seguro,Algo satisfecho
Bucaramanga,2014,Seguro,Algo satisfecho
Bucaramanga,2014,Muy seguro,Algo satisfecho
Bucaramanga,2014,Algo seguro,Ni satisfecho ni insatisfecho
Bucaramanga,2014,Poco seguro,Muy satisfecho
Bucaramanga,2014,Algo seguro,Algo satisfecho
Bucaramanga,2014,Nada seguro,Algo satisfecho
Bucaramanga,2014,Algo seguro,Ni satisfecho ni insatisfecho
Bucaramanga,2014,Poco seguro,Algo insatisfecho
Bucaramanga,2014,Poco seguro,Algo satisfecho
Bucaramanga,2014,Nada seguro,Muy satisfecho
Bucaramanga,2014,Seguro,Algo satisfecho
Bucaramanga,2014,Algo seguro,Algo satisfecho
Bucaramanga,2014,Seguro,Ni satisfecho ni insatisfecho
Bucaramanga,2014,Algo seguro,Algo satisfecho
Bucaramanga,2014,Algo seguro,Algo satisfecho
Bucaramanga,2014,Poco seguro,Ni satisfecho ni insatisfecho
Bucaramanga,2014,Poco seguro,Ni satisfecho ni insatisfecho
Bucaramanga,2014,Muy seguro,Ni satisfecho ni insatisfecho
Bucaramanga,2014,Muy seguro,Ni satisfecho ni insatisfecho
Bucaramanga,2014,Muy seguro,Algo satisfecho
Bucaramanga,2014,Muy seguro,Algo insatisfecho
Bucaramanga,2014,Algo seguro,Algo satisfecho
Bucaramanga,2014,Seguro,Algo insatisfecho
Bucaramanga,2014,Algo seguro,Algo satisfecho
Bucaramanga,2014,Algo seguro,Ni satisfecho ni insatisfecho
Bucaramanga,2014,Nada seguro,Ni satisfecho ni insatisfecho
Bucaramanga,2014,Algo seguro,Algo satisfecho
Bucaramanga,2014,Algo seguro,Ni satisfecho ni insatisfecho
Bucaramanga,2014,Poco seguro,Ni satisfecho ni insatisfecho
Bucaramanga,2014,Seguro,Algo satisfecho
Bucaramanga,2014,Seguro,Ni satisfecho ni insatisfecho
Bucaramanga,2014,Seguro,Ni satisfecho ni insatisfecho
Bucaramanga,2014,Seguro,Ni satisfecho ni insatisfecho
Bucaramanga,2014,Seguro,Ni satisfecho ni insatisfecho
Bucaramanga,2014,Seguro,Algo satisfecho
Bucaramanga,2014,Seguro,Ni satisfecho ni insatisfecho
Bucaramanga,2014,Seguro,Algo satisfecho
Bucaramanga,2014,Seguro,Ni satisfecho ni insatisfecho
Bucaramanga,2014,Seguro,Ni satisfecho ni insatisfecho
Bucaramanga,2014,Seguro,Ni satisfecho ni insatisfecho
Bucaramanga,2014,Seguro,Ni satisfecho ni insatisfecho
Bucaramanga,2014,Algo seguro,Ni satisfecho ni insatisfecho
Bucaramanga,2014,Seguro,Algo satisfecho
Bucaramanga,2014,Muy seguro,Algo satisfecho
Bucaramanga,2014,Poco seguro,Ni satisfecho ni insatisfecho
Bucaramanga,2014,Muy seguro,Ni satisfecho ni insatisfecho
Bucaramanga,2014,Seguro,Algo insatisfecho
Bucaramanga,2014,Algo seguro,Algo satisfecho
Bucaramanga,2014,Seguro,Algo satisfecho
Bucaramanga,2014,Algo seguro,Ni satisfecho ni insatisfecho
Bucaramanga,2014,Seguro,Algo insatisfecho
Bucaramanga,2014,Algo seguro,Algo satisfecho
Bucaramanga,2014,Seguro,Algo satisfecho
Bucaramanga,2014,Nada seguro,Algo satisfecho
Bucaramanga,2014,Algo seguro,Algo satisfecho
Bucaramanga,2014,Muy seguro,Ni satisfecho ni insatisfecho
Bucaramanga,2014,Poco seguro,Algo insatisfecho
Bucaramanga,2014,Seguro,Algo satisfecho
Bucaramanga,2014,Seguro,Algo satisfecho
Bucaramanga,2014,Muy seguro,Ni satisfecho ni insatisfecho
Bucaramanga,2014,Seguro,Muy insatisfecho
Bucaramanga,2014,Poco seguro,Algo satisfecho
Bucaramanga,2014,Poco seguro,Algo satisfecho
Bucaramanga,2014,Nada seguro,Ni satisfecho ni insatisfecho
Bucaramanga,2014,Seguro,Muy satisfecho
Bucaramanga,2014,Muy seguro,Muy insatisfecho
Bucaramanga,2014,Algo seguro,Muy satisfecho
Bucaramanga,2014,Muy seguro,Muy satisfecho
Bucaramanga,2014,Algo seguro,Algo satisfecho
Bucaramanga,2014,Poco seguro,Algo satisfecho
Bucaramanga,2014,Algo seguro,Algo insatisfecho
Bucaramanga,2014,Poco seguro,Algo insatisfecho
Bucaramanga,2014,Seguro,Ni satisfecho ni insatisfecho
Bucaramanga,2014,Muy seguro,Algo insatisfecho
Bucaramanga,2014,Algo seguro,Ni satisfecho ni insatisfecho
Bucaramanga,2014,Poco seguro,Algo insatisfecho
Bucaramanga,2014,Algo seguro,Algo insatisfecho
Bucaramanga,2014,Poco seguro,Algo satisfecho
Bucaramanga,2014,Poco seguro,Ni satisfecho ni insatisfecho
Bucaramanga,2014,Poco seguro,Ni satisfecho ni insatisfecho
Bucaramanga,2014,Seguro,Muy satisfecho
Bucaramanga,2014,Poco seguro,Ni satisfecho ni insatisfecho
Bucaramanga,2014,Algo seguro,Algo satisfecho
Bucaramanga,2014,Algo seguro,Ni satisfecho ni insatisfecho
Bucaramanga,2014,Seguro,Algo satisfecho
Bucaramanga,2014,Seguro,Ni satisfecho ni insatisfecho
Bucaramanga,2014,Poco seguro,Ni satisfecho ni insatisfecho
Bucaramanga,2014,Algo seguro,Muy satisfecho
Bucaramanga,2014,Algo seguro,Ni satisfecho ni insatisfecho
Bucaramanga,2014,Poco seguro,Ni satisfecho ni insatisfecho
Bucaramanga,2014,Algo seguro,Algo satisfecho
Bucaramanga,2014,Seguro,Algo insatisfecho
Bucaramanga,2014,Seguro,Ni satisfecho ni insatisfecho
Bucaramanga,2014,Algo seguro,Algo insatisfecho
Bucaramanga,2014,Algo seguro,Ni satisfecho ni insatisfecho
Bucaramanga,2014,Seguro,Algo insatisfecho
Bucaramanga,2014,Seguro,Muy insatisfecho
Bucaramanga,2014,Seguro,Ni satisfecho ni insatisfecho
Bucaramanga,2014,Seguro,Algo satisfecho
Bucaramanga,2014,Algo seguro,Algo insatisfecho
Bucaramanga,2014,Poco seguro,Algo satisfecho
Bucaramanga,2014,Algo seguro,Algo insatisfecho
Bucaramanga,2014,Algo seguro,Ni satisfecho ni insatisfecho
Bucaramanga,2014,Algo seguro,Algo insatisfecho
Bucaramanga,2014,Poco seguro,Ni satisfecho ni insatisfecho
Bucaramanga,2014,Muy seguro,Algo insatisfecho
Bucaramanga,2014,Poco seguro,Muy insatisfecho
Bucaramanga,2014,Algo seguro,Algo insatisfecho
Bucaramanga,2014,Seguro,Ni satisfecho ni insatisfecho
Bucaramanga,2014,Algo seguro,Ni satisfecho ni insatisfecho
Bucaramanga,2014,Algo seguro,Muy insatisfecho
Bucaramanga,2014,Algo seguro,Ni satisfecho ni insatisfecho
Bucaramanga,2014,Algo seguro,Ni satisfecho ni insatisfecho
Bucaramanga,2014,Muy seguro,Ni satisfecho ni insatisfecho
Bucaramanga,2014,Algo seguro,Algo insatisfecho
Bucaramanga,2014,Algo seguro,Algo insatisfecho
Bucaramanga,2014,Seguro,Algo insatisfecho
Bucaramanga,2014,Seguro,Algo satisfecho
Bucaramanga,2014,Muy seguro,Ni satisfecho ni insatisfecho
Bucaramanga,2014,Algo seguro,Ni satisfecho ni insatisfecho
Bucaramanga,2014,Algo seguro,Muy satisfecho
Bucaramanga,2014,Seguro,Ni satisfecho ni insatisfecho
Bucaramanga,2014,Algo seguro,Algo insatisfecho
Bucaramanga,2014,Algo seguro,Muy satisfecho
Bucaramanga,2014,Algo seguro,Algo insatisfecho
Bucaramanga,2014,Seguro,Muy satisfecho
Bucaramanga,2014,Algo seguro,Ni satisfecho ni insatisfecho
Bucaramanga,2014,Algo seguro,Algo insatisfecho
Bucaramanga,2014,Nada seguro,Ni satisfecho ni insatisfecho
Bucaramanga,2014,Algo seguro,Algo satisfecho
Bucaramanga,2014,Algo seguro,Algo satisfecho
Bucaramanga,2014,Muy seguro,Ni satisfecho ni insatisfecho
Bucaramanga,2014,Poco seguro,Algo satisfecho
Bucaramanga,2014,Poco seguro,Ni satisfecho ni insatisfecho
Bucaramanga,2014,Nada seguro,Algo satisfecho
Bucaramanga,2014,Poco seguro,Algo insatisfecho
Bucaramanga,2014,Algo seguro,Algo satisfecho
Bucaramanga,2014,Algo seguro,Ni satisfecho ni insatisfecho
Bucaramanga,2014,Algo seguro,Algo satisfecho
Bucaramanga,2014,Poco seguro,Ni satisfecho ni insatisfecho
Bucaramanga,2014,Poco seguro,Algo satisfecho
Bucaramanga,2014,Poco seguro,Ni satisfecho ni insatisfecho
Bucaramanga,2014,Algo seguro,Ni satisfecho ni insatisfecho
Bucaramanga,2014,Seguro,Algo satisfecho
Bucaramanga,2014,Algo seguro,Algo satisfecho
Bucaramanga,2014,Seguro,Ni satisfecho ni insatisfecho
Bucaramanga,2014,Poco seguro,Algo satisfecho
Bucaramanga,2014,Algo seguro,Algo satisfecho
Bucaramanga,2014,Muy seguro,Muy satisfecho
Bucaramanga,2014,Algo seguro,Muy satisfecho
Bucaramanga,2014,Seguro,Muy satisfecho
Bucaramanga,2014,Muy seguro,Algo satisfecho
Bucaramanga,2014,Muy seguro,Algo satisfecho
Bucaramanga,2014,Seguro,Algo satisfecho
Bucaramanga,2014,Muy seguro,Ni satisfecho ni insatisfecho
Bucaramanga,2014,Seguro,Algo satisfecho
Bucaramanga,2014,Seguro,Algo satisfecho
Bucaramanga,2014,Seguro,Algo satisfecho
Bucaramanga,2014,Algo seguro,Ni satisfecho ni insatisfecho
Bucaramanga,2014,Algo seguro,Algo satisfecho
Bucaramanga,2014,Seguro,Algo satisfecho
Bucaramanga,2014,Seguro,Ni satisfecho ni insatisfecho
Bucaramanga,2014,Seguro,Ni satisfecho ni insatisfecho
Bucaramanga,2014,Seguro,Ni satisfecho ni insatisfecho
Bucaramanga,2014,Seguro,Ni satisfecho ni insatisfecho
Bucaramanga,2014,Seguro,Ni satisfecho ni insatisfecho
Bucaramanga,2014,Seguro,Ni satisfecho ni insatisfecho
Bucaramanga,2014,Seguro,Ni satisfecho ni insatisfecho
Bucaramanga,2014,Seguro,Algo satisfecho
Bucaramanga,2014,Muy seguro,Algo satisfecho
Bucaramanga,2014,Algo seguro,Ni satisfecho ni insatisfecho
Bucaramanga,2014,Muy seguro,Algo satisfecho
Bucaramanga,2014,Algo seguro,Ni satisfecho ni insatisfecho
Bucaramanga,2014,Algo seguro,Ni satisfecho ni insatisfecho
Bucaramanga,2014,Poco seguro,Algo satisfecho
Bucaramanga,2014,Algo seguro,Algo satisfecho
Bucaramanga,2014,Seguro,Algo satisfecho
Bucaramanga,2014,Seguro,Algo insatisfecho
Bucaramanga,2014,Seguro,Ni satisfecho ni insatisfecho
Bucaramanga,2014,Seguro,Muy insatisfecho
Bucaramanga,2014,Algo seguro,Algo insatisfecho
Bucaramanga,2014,Muy seguro,Muy insatisfecho
Bucaramanga,2014,Seguro,Algo satisfecho
Bucaramanga,2014,Muy seguro,Ni satisfecho ni insatisfecho
Bucaramanga,2014,Algo seguro,Muy insatisfecho
Bucaramanga,2014,Poco seguro,Algo insatisfecho
Bucaramanga,2014,Nada seguro,Algo satisfecho
Bucaramanga,2014,Nada seguro,Algo insatisfecho
Bucaramanga,2014,Poco seguro,Ni satisfecho ni insatisfecho
Bucaramanga,2014,Seguro,Algo insatisfecho
Bucaramanga,2014,Algo seguro,Algo insatisfecho
Bucaramanga,2014,Nada seguro,Algo satisfecho
Bucaramanga,2014,Muy seguro,Algo insatisfecho
Bucaramanga,2014,Algo seguro,Ni satisfecho ni insatisfecho
Bucaramanga,2014,Algo seguro,Algo insatisfecho
Bucaramanga,2014,Algo seguro,Ni satisfecho ni insatisfecho
Bucaramanga,2014,Seguro,Ni satisfecho ni insatisfecho
Bucaramanga,2014,Seguro,Ni satisfecho ni insatisfecho
Bucaramanga,2014,Muy seguro,Algo satisfecho
Bucaramanga,2014,Poco seguro,Ni satisfecho ni insatisfecho
Bucaramanga,2014,Algo seguro,Algo insatisfecho
Bucaramanga,2014,Algo seguro,Ni satisfecho ni insatisfecho
Bucaramanga,2014,Seguro,Ni satisfecho ni insatisfecho
Bucaramanga,2014,Muy seguro,Ni satisfecho ni insatisfecho
Bucaramanga,2014,Seguro,Ni satisfecho ni insatisfecho
Bucaramanga,2014,Muy seguro,Algo satisfecho
Bucaramanga,2014,Muy seguro,Algo insatisfecho
Bucaramanga,2014,Muy seguro,Ni satisfecho ni insatisfecho
Bucaramanga,2014,Muy seguro,Muy satisfecho
Bucaramanga,2014,Seguro,Algo insatisfecho
Bucaramanga,2014,Muy seguro,Muy insatisfecho
Bucaramanga,2014,Muy seguro,Algo insatisfecho
Bucaramanga,2014,Seguro,Algo satisfecho
Bucaramanga,2014,Algo seguro,Algo insatisfecho
Bucaramanga,2014,Poco seguro,Muy insatisfecho
Bucaramanga,2014,Nada seguro,Muy satisfecho
Bucaramanga,2014,Seguro,Ni satisfecho ni insatisfecho
Bucaramanga,2014,Algo seguro,Algo satisfecho
Bucaramanga,2014,Algo seguro,Algo insatisfecho
Bucaramanga,2014,Seguro,Ni satisfecho ni insatisfecho
Bucaramanga,2014,Seguro,Algo satisfecho
Bucaramanga,2014,Algo seguro,Algo insatisfecho
Bucaramanga,2014,Seguro,Algo insatisfecho
Bucaramanga,2014,Seguro,Ni satisfecho ni insatisfecho
Bucaramanga,2014,Algo seguro,Ni satisfecho ni insatisfecho
Bucaramanga,2014,Nada seguro,Algo insatisfecho
Bucaramanga,2014,Algo seguro,Ni satisfecho ni insatisfecho
Bucaramanga,2014,Seguro,Ni satisfecho ni insatisfecho
Bucaramanga,2014,Poco seguro,Algo insatisfecho
Bucaramanga,2014,Seguro,Algo satisfecho
Bucaramanga,2014,Seguro,Ni satisfecho ni insatisfecho
Bucaramanga,2014,Seguro,Ni satisfecho ni insatisfecho
Bucaramanga,2014,Poco seguro,Ni satisfecho ni insatisfecho
Bucaramanga,2014,Muy seguro,Algo satisfecho
Bucaramanga,2014,Seguro,Ni satisfecho ni insatisfecho
Bucaramanga,2014,Seguro,Ni satisfecho ni insatisfecho
Bucaramanga,2014,Muy seguro,Algo satisfecho
Bucaramanga,2014,Seguro,Ni satisfecho ni insatisfecho
Bucaramanga,2014,Seguro,Ni satisfecho ni insatisfecho
Bucaramanga,2014,Poco seguro,Algo satisfecho
Bucaramanga,2014,Seguro,Ni satisfecho ni insatisfecho
Bucaramanga,2014,Seguro,Algo insatisfecho
Bucaramanga,2014,Seguro,Ni satisfecho ni insatisfecho
Bucaramanga,2014,Seguro,Muy insatisfecho
Bucaramanga,2014,Seguro,Algo insatisfecho
Bucaramanga,2014,Seguro,Ni satisfecho ni insatisfecho
Bucaramanga,2014,Nada seguro,Muy satisfecho
Bucaramanga,2014,Seguro,Ni satisfecho ni insatisfecho
Bucaramanga,2014,Poco seguro,Algo satisfecho
Bucaramanga,2014,Seguro,Algo satisfecho
Bucaramanga,2014,Algo seguro,Algo insatisfecho
Bucaramanga,2014,Nada seguro,Ni satisfecho ni insatisfecho
Bucaramanga,2014,Poco seguro,Ni satisfecho ni insatisfecho
Bucaramanga,2014,Seguro,Ni satisfecho ni insatisfecho
Bucaramanga,2014,Poco seguro,Algo insatisfecho
Bucaramanga,2014,Algo seguro,Algo insatisfecho
Bucaramanga,2014,Algo seguro,Ni satisfecho ni insatisfecho
Bucaramanga,2014,Seguro,Ni satisfecho ni insatisfecho
Bucaramanga,2014,Algo seguro,Algo insatisfecho
Bucaramanga,2014,Algo seguro,Ni satisfecho ni insatisfecho
Bucaramanga,2014,Nada seguro,Muy insatisfecho
Bucaramanga,2014,Poco seguro,Muy insatisfecho
Bucaramanga,2014,Algo seguro,Ni satisfecho ni insatisfecho
Bucaramanga,2014,Poco seguro,Algo satisfecho
Bucaramanga,2014,Poco seguro,Ni satisfecho ni insatisfecho
Bucaramanga,2014,Algo seguro,Ni satisfecho ni insatisfecho
Bucaramanga,2014,Algo seguro,Algo satisfecho
Bucaramanga,2014,Nada seguro,Ni satisfecho ni insatisfecho
Bucaramanga,2014,Poco seguro,Ni satisfecho ni insatisfecho
Bucaramanga,2014,Seguro,Ni satisfecho ni insatisfecho
Bucaramanga,2014,Seguro,Algo insatisfecho
Bucaramanga,2014,Algo seguro,Algo insatisfecho
Bucaramanga,2014,Poco seguro,Algo insatisfecho
Bucaramanga,2014,Poco seguro,Ni satisfecho ni insatisfecho
Bucaramanga,2014,Algo seguro,Ni satisfecho ni insatisfecho
Bucaramanga,2014,Algo seguro,Algo satisfecho
Bucaramanga,2014,Algo seguro,Algo satisfecho
Bucaramanga,2014,Poco seguro,Ni satisfecho ni insatisfecho
Bucaramanga,2014,Algo seguro,Algo satisfecho
Bucaramanga,2014,Seguro,Algo satisfecho
Bucaramanga,2014,Poco seguro,Ni satisfecho ni insatisfecho
Bucaramanga,2014,Algo seguro,Algo satisfecho
Bucaramanga,2014,Poco seguro,Algo satisfecho
Bucaramanga,2014,Seguro,Algo satisfecho
Bucaramanga,2014,Seguro,Algo satisfecho
Bucaramanga,2014,Poco seguro,Ni satisfecho ni insatisfecho
Bucaramanga,2014,Nada seguro,Muy insatisfecho
Bucaramanga,2014,Muy seguro,Algo insatisfecho
Bucaramanga,2014,Algo seguro,Ni satisfecho ni insatisfecho
Bucaramanga,2014,Nada seguro,Muy satisfecho
Bucaramanga,2014,Poco seguro,Algo insatisfecho
Bucaramanga,2014,Muy seguro,Algo satisfecho
Bucaramanga,2014,Nada seguro,Muy satisfecho
Bucaramanga,2014,Muy seguro,Muy satisfecho
Bucaramanga,2014,Poco seguro,Muy insatisfecho
Bucaramanga,2014,Poco seguro,Algo satisfecho
Bucaramanga,2014,Algo seguro,Ni satisfecho ni insatisfecho
Bucaramanga,2014,Seguro,Algo satisfecho
Bucaramanga,2014,Nada seguro,Muy insatisfecho
Bucaramanga,2014,Muy seguro,Muy insatisfecho
Bucaramanga,2014,Nada seguro,Muy insatisfecho
Bucaramanga,2014,Seguro,Muy insatisfecho
Bucaramanga,2014,Nada seguro,Muy insatisfecho
Bucaramanga,2014,Seguro,Ni satisfecho ni insatisfecho
Bucaramanga,2014,Muy seguro,Algo satisfecho
Bucaramanga,2014,Algo seguro,Muy insatisfecho
Bucaramanga,2014,Algo seguro,Muy insatisfecho
Bucaramanga,2014,Algo seguro,Algo satisfecho
Bucaramanga,2014,Seguro,Ni satisfecho ni insatisfecho
Bucaramanga,2014,Algo seguro,Muy insatisfecho
Bucaramanga,2014,Algo seguro,Algo insatisfecho
Bucaramanga,2014,Algo seguro,Ni satisfecho ni insatisfecho
Bucaramanga,2014,Poco seguro,Muy insatisfecho
Bucaramanga,2014,Algo seguro,Algo insatisfecho
Bucaramanga,2014,Muy seguro,Algo insatisfecho
Bucaramanga,2014,Poco seguro,Ni satisfecho ni insatisfecho
Bucaramanga,2014,Nada seguro,Algo insatisfecho
Bucaramanga,2014,Seguro,Ni satisfecho ni insatisfecho
Bucaramanga,2014,Seguro,Algo insatisfecho
Bucaramanga,2014,Poco seguro,Ni satisfecho ni insatisfecho
Bucaramanga,2014,Muy seguro,Ni satisfecho ni insatisfecho
Bucaramanga,2014,Muy seguro,Muy satisfecho
Bucaramanga,2014,Algo seguro,Ni satisfecho ni insatisfecho
Bucaramanga,2014,Muy seguro,Ni satisfecho ni insatisfecho
Bucaramanga,2014,Nada seguro,Algo satisfecho
Bucaramanga,2014,Algo seguro,Ni satisfecho ni insatisfecho
Bucaramanga,2014,Muy seguro,Ni satisfecho ni insatisfecho
Bucaramanga,2014,Poco seguro,Algo insatisfecho
Bucaramanga,2014,Seguro,Algo satisfecho
Bucaramanga,2014,Poco seguro,Ni satisfecho ni insatisfecho
Bucaramanga,2014,Poco seguro,Algo insatisfecho
Bucaramanga,2014,Nada seguro,Ni satisfecho ni insatisfecho
Bucaramanga,2014,Poco seguro,Algo satisfecho
Bucaramanga,2014,Nada seguro,Ni satisfecho ni insatisfecho
Bucaramanga,2014,Seguro,Algo satisfecho
Bucaramanga,2014,Seguro,Ni satisfecho ni insatisfecho
Bucaramanga,2014,Algo seguro,Ni satisfecho ni insatisfecho
Bucaramanga,2014,Muy seguro,Ni satisfecho ni insatisfecho
Bucaramanga,2014,Poco seguro,Algo insatisfecho
Bucaramanga,2014,Poco seguro,Ni satisfecho ni insatisfecho
Bucaramanga,2014,Nada seguro,Ni satisfecho ni insatisfecho
Bucaramanga,2014,Algo seguro,Ni satisfecho ni insatisfecho
Bucaramanga,2014,Algo seguro,Muy insatisfecho
Bucaramanga,2014,Poco seguro,Algo satisfecho
Bucaramanga,2014,Algo seguro,Algo satisfecho
Bucaramanga,2014,Seguro,Ni satisfecho ni insatisfecho
Bucaramanga,2014,Algo seguro,Algo satisfecho
Bucaramanga,2014,Poco seguro,Algo insatisfecho
Bucaramanga,2014,Algo seguro,Muy insatisfecho
Bucaramanga,2014,Poco seguro,Algo insatisfecho
Bucaramanga,2014,Poco seguro,Algo insatisfecho
Bucaramanga,2014,Seguro,Algo insatisfecho
Bucaramanga,2014,Nada seguro,Algo insatisfecho
Bucaramanga,2014,Algo seguro,Algo insatisfecho
Bucaramanga,2014,Poco seguro,Ni satisfecho ni insatisfecho
Bucaramanga,2014,Algo seguro,Ni satisfecho ni insatisfecho
Bucaramanga,2014,Algo seguro,Algo satisfecho
Bucaramanga,2014,Muy seguro,Algo satisfecho
Bucaramanga,2014,Poco seguro,Ni satisfecho ni insatisfecho
Bucaramanga,2014,Algo seguro,Algo insatisfecho
Bucaramanga,2014,Algo seguro,Ni satisfecho ni insatisfecho
Bucaramanga,2014,Seguro,Ni satisfecho ni insatisfecho
Bucaramanga,2014,Muy seguro,Ni satisfecho ni insatisfecho
Bucaramanga,2014,Muy seguro,Ni satisfecho ni insatisfecho
Bucaramanga,2014,Seguro,Ni satisfecho ni insatisfecho
Bucaramanga,2014,Seguro,Ni satisfecho ni insatisfecho
Bucaramanga,2014,Algo seguro,Muy insatisfecho
Bucaramanga,2014,Poco seguro,Algo insatisfecho
Bucaramanga,2014,Poco seguro,Algo insatisfecho
Bucaramanga,2014,Poco seguro,Algo satisfecho
Bucaramanga,2014,Muy seguro,Ni satisfecho ni insatisfecho
Bucaramanga,2014,Algo seguro,Algo satisfecho
Bucaramanga,2014,Seguro,Algo insatisfecho
Bucaramanga,2014,Algo seguro,Ni satisfecho ni insatisfecho
Bucaramanga,2014,Algo seguro,Ni satisfecho ni insatisfecho
Bucaramanga,2014,Muy seguro,Ni satisfecho ni insatisfecho
Bucaramanga,2014,Algo seguro,Muy insatisfecho
Bucaramanga,2014,Seguro,Ni satisfecho ni insatisfecho
Bucaramanga,2014,Poco seguro,Muy insatisfecho
Bucaramanga,2014,Muy seguro,Algo insatisfecho
Bucaramanga,2014,Seguro,Ni satisfecho ni insatisfecho
Bucaramanga,2014,Nada seguro,Ni satisfecho ni insatisfecho
Bucaramanga,2014,Seguro,Algo insatisfecho
Bucaramanga,2014,Muy seguro,Algo satisfecho
Bucaramanga,2014,Algo seguro,Algo insatisfecho
Bucaramanga,2014,Muy seguro,Algo insatisfecho
Bucaramanga,2014,Algo seguro,Algo insatisfecho
Bucaramanga,2014,Poco seguro,Muy insatisfecho
Bucaramanga,2014,Algo seguro,Algo insatisfecho
Bucaramanga,2014,Seguro,Ni satisfecho ni insatisfecho
Bucaramanga,2014,Poco seguro,Ni satisfecho ni insatisfecho
Bucaramanga,2014,Algo seguro,Ni satisfecho ni insatisfecho
Bucaramanga,2014,Algo seguro,Ni satisfecho ni insatisfecho
Bucaramanga,2014,Algo seguro,Ni satisfecho ni insatisfecho
Bucaramanga,2014,Seguro,Ni satisfecho ni insatisfecho
Bucaramanga,2014,Seguro,Algo insatisfecho
Bucaramanga,2014,Nada seguro,Muy insatisfecho
Bucaramanga,2014,Algo seguro,Muy insatisfecho
Bucaramanga,2014,Algo seguro,Algo insatisfecho
Bucaramanga,2014,Poco seguro,Algo satisfecho
Bucaramanga,2014,Seguro,Algo satisfecho
Bucaramanga,2014,Seguro,Algo insatisfecho
Bucaramanga,2014,Nada seguro,Algo satisfecho
Bucaramanga,2014,Seguro,Ni satisfecho ni insatisfecho
Bucaramanga,2014,Seguro,Algo satisfecho
Bucaramanga,2014,Algo seguro,Ni satisfecho ni insatisfecho
Bucaramanga,2014,Seguro,Algo satisfecho
Bucaramanga,2014,Seguro,Algo satisfecho
Bucaramanga,2014,Muy seguro,Ni satisfecho ni insatisfecho
Bucaramanga,2014,Muy seguro,Algo satisfecho
Bucaramanga,2014,Algo seguro,Algo satisfecho
Bucaramanga,2014,Seguro,Ni satisfecho ni insatisfecho
Bucaramanga,2014,Algo seguro,Muy insatisfecho
Bucaramanga,2014,Algo seguro,Ni satisfecho ni insatisfecho
Bucaramanga,2014,Seguro,Algo insatisfecho
Bucaramanga,2014,Seguro,Muy insatisfecho
Bucaramanga,2014,Algo seguro,Muy insatisfecho
Bucaramanga,2014,Nada seguro,Muy insatisfecho
Bucaramanga,2014,Seguro,Muy insatisfecho
Bucaramanga,2014,Algo seguro,Muy insatisfecho
Bucaramanga,2014,Nada seguro,Algo insatisfecho
Bucaramanga,2014,Algo seguro,Muy insatisfecho
Bucaramanga,2014,Algo seguro,Algo insatisfecho
Bucaramanga,2014,Nada seguro,Muy insatisfecho
Bucaramanga,2014,Algo seguro,Muy insatisfecho
Bucaramanga,2014,Algo seguro,Muy insatisfecho
Bucaramanga,2014,Algo seguro,Muy insatisfecho
Bucaramanga,2014,Algo seguro,Algo insatisfecho
Bucaramanga,2014,Algo seguro,Muy insatisfecho
Bucaramanga,2014,Poco seguro,Muy insatisfecho
Bucaramanga,2014,Nada seguro,Algo insatisfecho
Bucaramanga,2014,Algo seguro,Ni satisfecho ni insatisfecho
Bucaramanga,2014,Poco seguro,Ni satisfecho ni insatisfecho
Bucaramanga,2014,Algo seguro,Ni satisfecho ni insatisfecho
Bucaramanga,2014,Poco seguro,Ni satisfecho ni insatisfecho
Bucaramanga,2014,Seguro,Ni satisfecho ni insatisfecho
Bucaramanga,2014,Algo seguro,Algo insatisfecho
Bucaramanga,2014,Poco seguro,Algo insatisfecho
Bucaramanga,2014,Poco seguro,Algo insatisfecho
Bucaramanga,2014,Poco seguro,Ni satisfecho ni insatisfecho
Bucaramanga,2014,Seguro,Ni satisfecho ni insatisfecho
Bucaramanga,2014,Muy seguro,Algo insatisfecho
Bucaramanga,2014,Seguro,Algo satisfecho
Bucaramanga,2014,Poco seguro,Ni satisfecho ni insatisfecho
Bucaramanga,2014,Algo seguro,Ni satisfecho ni insatisfecho
Bucaramanga,2014,Poco seguro,Algo insatisfecho
Bucaramanga,2014,Muy seguro,Ni satisfecho ni insatisfecho
Bucaramanga,2014,Algo seguro,Ni satisfecho ni insatisfecho
Bucaramanga,2014,Poco seguro,Algo insatisfecho
Bucaramanga,2014,Poco seguro,Ni satisfecho ni insatisfecho
Bucaramanga,2014,Algo seguro,Muy insatisfecho
Bucaramanga,2014,Algo seguro,Ni satisfecho ni insatisfecho
Bucaramanga,2014,Algo seguro,Ni satisfecho ni insatisfecho
Bucaramanga,2014,Algo seguro,Algo insatisfecho
Bucaramanga,2014,Algo seguro,Algo satisfecho
Bucaramanga,2014,Poco seguro,Ni satisfecho ni insatisfecho
Bucaramanga,2014,Seguro,Ni satisfecho ni insatisfecho
Bucaramanga,2014,Algo seguro,Ni satisfecho ni insatisfecho
Bucaramanga,2014,Algo seguro,Ni satisfecho ni insatisfecho
Bucaramanga,2014,Poco seguro,Algo insatisfecho
Bucaramanga,2014,Muy seguro,Algo satisfecho
Bucaramanga,2014,Poco seguro,Ni satisfecho ni insatisfecho
Bucaramanga,2014,Algo seguro,Muy insatisfecho
Bucaramanga,2014,Seguro,Algo insatisfecho
Bucaramanga,2014,Algo seguro,Ni satisfecho ni insatisfecho
Bucaramanga,2014,Poco seguro,Algo insatisfecho
Bucaramanga,2014,Algo seguro,Algo insatisfecho
Bucaramanga,2014,Algo seguro,Muy insatisfecho
Bucaramanga,2014,Algo seguro,Ni satisfecho ni insatisfecho
Bucaramanga,2014,Seguro,Algo insatisfecho
Bucaramanga,2014,Algo seguro,Algo insatisfecho
Bucaramanga,2014,Poco seguro,Muy insatisfecho
Bucaramanga,2014,Algo seguro,Muy insatisfecho
Bucaramanga,2014,Algo seguro,Algo insatisfecho
Bucaramanga,2014,Seguro,Muy insatisfecho
Bucaramanga,2014,Nada seguro,Algo satisfecho
Bucaramanga,2014,Algo seguro,Muy insatisfecho
Bucaramanga,2014,Seguro,Muy insatisfecho
Bucaramanga,2014,Algo seguro,Ni satisfecho ni insatisfecho
Bucaramanga,2014,Algo seguro,Muy insatisfecho
Bucaramanga,2014,Muy seguro,Algo insatisfecho
Bucaramanga,2014,Algo seguro,Algo insatisfecho
Bucaramanga,2014,Algo seguro,Muy insatisfecho
Bucaramanga,2014,Algo seguro,Ni satisfecho ni insatisfecho
Bucaramanga,2014,Seguro,Muy insatisfecho
Bucaramanga,2014,Poco seguro,Algo insatisfecho
Bucaramanga,2014,Poco seguro,Muy insatisfecho
Bucaramanga,2014,Poco seguro,Algo insatisfecho
Bucaramanga,2014,Muy seguro,Ni satisfecho ni insatisfecho
Bucaramanga,2014,Algo seguro,Algo insatisfecho
Bucaramanga,2014,Muy seguro,Algo insatisfecho
Bucaramanga,2014,Poco seguro,Algo satisfecho
Bucaramanga,2014,Algo seguro,Algo insatisfecho
Bucaramanga,2014,Poco seguro,Algo insatisfecho
Bucaramanga,2014,Nada seguro,Muy satisfecho
Bucaramanga,2014,Nada seguro,Algo insatisfecho
Bucaramanga,2014,Algo seguro,Algo insatisfecho
Bucaramanga,2014,Poco seguro,Algo insatisfecho
Bucaramanga,2014,Seguro,Ni satisfecho ni insatisfecho
Bucaramanga,2014,Algo seguro,Ni satisfecho ni insatisfecho
Bucaramanga,2014,Nada seguro,Algo insatisfecho
Bucaramanga,2014,Nada seguro,Muy insatisfecho
Bucaramanga,2014,Nada seguro,Ni satisfecho ni insatisfecho
Bucaramanga,2014,Seguro,Algo insatisfecho
Bucaramanga,2014,Algo seguro,Algo insatisfecho
Bucaramanga,2014,Poco seguro,Ni satisfecho ni insatisfecho
Bucaramanga,2014,Algo seguro,Ni satisfecho ni insatisfecho
Bucaramanga,2014,Algo seguro,Ni satisfecho ni insatisfecho
Bucaramanga,2014,Seguro,Algo satisfecho
Bucaramanga,2014,Seguro,Algo insatisfecho
Bucaramanga,2014,Poco seguro,Algo insatisfecho
Bucaramanga,2014,Algo seguro,Ni satisfecho ni insatisfecho
Bucaramanga,2014,Algo seguro,Algo insatisfecho
Bucaramanga,2014,Algo seguro,Ni satisfecho ni insatisfecho
Bucaramanga,2014,Poco seguro,Ni satisfecho ni insatisfecho
Bucaramanga,2014,Algo seguro,Algo insatisfecho
Bucaramanga,2014,Nada seguro,Algo insatisfecho
Bucaramanga,2014,Algo seguro,Algo insatisfecho
Bucaramanga,2014,Algo seguro,Algo insatisfecho
Bucaramanga,2014,Algo seguro,Algo satisfecho
Bucaramanga,2014,Algo seguro,Muy insatisfecho
Bucaramanga,2014,Algo seguro,Muy satisfecho
Bucaramanga,2014,Algo seguro,Muy insatisfecho
Bucaramanga,2014,Muy seguro,Ni satisfecho ni insatisfecho
Bucaramanga,2014,Seguro,Algo insatisfecho
Bucaramanga,2014,Algo seguro,Ni satisfecho ni insatisfecho
Bucaramanga,2014,Algo seguro,Algo insatisfecho
Bucaramanga,2014,Nada seguro,Muy insatisfecho
Bucaramanga,2014,Seguro,Algo insatisfecho
Bucaramanga,2014,Muy seguro,Ni satisfecho ni insatisfecho
Bucaramanga,2014,Algo seguro,Algo insatisfecho
Bucaramanga,2014,Nada seguro,Algo insatisfecho
Bucaramanga,2014,Seguro,Ni satisfecho ni insatisfecho
Bucaramanga,2014,Seguro,Algo insatisfecho
Bucaramanga,2014,Algo seguro,Ni satisfecho ni insatisfecho
Bucaramanga,2014,Algo seguro,Algo satisfecho
Bucaramanga,2014,Muy seguro,Algo insatisfecho
Bucaramanga,2014,Algo seguro,Muy insatisfecho
Bucaramanga,2014,Algo seguro,Muy insatisfecho
Bucaramanga,2014,Algo seguro,Algo satisfecho
Bucaramanga,2014,Algo seguro,Ni satisfecho ni insatisfecho
Bucaramanga,2014,Poco seguro,Muy insatisfecho
Bucaramanga,2014,Muy seguro,Ni satisfecho ni insatisfecho
Bucaramanga,2014,Muy seguro,Muy insatisfecho
Bucaramanga,2014,Algo seguro,Ni satisfecho ni insatisfecho
Bucaramanga,2014,Muy seguro,Algo satisfecho
Bucaramanga,2014,Seguro,Algo insatisfecho
Bucaramanga,2014,Poco seguro,Muy insatisfecho
Bucaramanga,2014,Muy seguro,Ni satisfecho ni insatisfecho
Bucaramanga,2014,Algo seguro,Algo insatisfecho
Bucaramanga,2014,Poco seguro,Muy insatisfecho
Bucaramanga,2014,Poco seguro,Ni satisfecho ni insatisfecho
Bucaramanga,2014,Algo seguro,Algo satisfecho
Bucaramanga,2014,Algo seguro,Muy insatisfecho
Bucaramanga,2014,Muy seguro,Ni satisfecho ni insatisfecho
Bucaramanga,2014,Seguro,Ni satisfecho ni insatisfecho
Bucaramanga,2014,Poco seguro,Ni satisfecho ni insatisfecho
Bucaramanga,2014,Algo seguro,Algo insatisfecho
Bucaramanga,2014,Algo seguro,Ni satisfecho ni insatisfecho
Bucaramanga,2014,Algo seguro,Muy insatisfecho
Bucaramanga,2014,Poco seguro,Algo insatisfecho
Bucaramanga,2014,Poco seguro,Muy insatisfecho
Bucaramanga,2014,Algo seguro,Muy insatisfecho
Bucaramanga,2014,Nada seguro,Algo insatisfecho
Bucaramanga,2014,Poco seguro,Algo insatisfecho
Bucaramanga,2014,Seguro,Muy insatisfecho
Bucaramanga,2014,Seguro,Algo insatisfecho
Bucaramanga,2014,Algo seguro,Ni satisfecho ni insatisfecho
Bucaramanga,2014,Poco seguro,Ni satisfecho ni insatisfecho
Bucaramanga,2014,Poco seguro,Ni satisfecho ni insatisfecho
Bucaramanga,2014,Algo seguro,Algo satisfecho
Bucaramanga,2014,Algo seguro,Algo insatisfecho
Bucaramanga,2014,Seguro,Ni satisfecho ni insatisfecho
Bucaramanga,2014,Seguro,Algo insatisfecho
Bucaramanga,2014,Algo seguro,Ni satisfecho ni insatisfecho
Bucaramanga,2014,Algo seguro,Algo insatisfecho
Bucaramanga,2014,Muy seguro,Ni satisfecho ni insatisfecho
Bucaramanga,2014,Algo seguro,Algo insatisfecho
Bucaramanga,2014,Algo seguro,Muy insatisfecho
Bucaramanga,2014,Algo seguro,Muy insatisfecho
Bucaramanga,2014,Algo seguro,Ni satisfecho ni insatisfecho
Bucaramanga,2014,Algo seguro,Algo insatisfecho
Bucaramanga,2014,Algo seguro,Muy satisfecho
Bucaramanga,2014,Poco seguro,Muy insatisfecho
Bucaramanga,2014,Seguro,Algo satisfecho
Bucaramanga,2014,Poco seguro,Algo insatisfecho
Bucaramanga,2014,Algo seguro,Muy insatisfecho
Bucaramanga,2014,Seguro,Ni satisfecho ni insatisfecho
Bucaramanga,2014,Muy seguro,Ni satisfecho ni insatisfecho
Bucaramanga,2014,Poco seguro,Muy insatisfecho
Bucaramanga,2014,Poco seguro,Muy insatisfecho
Bucaramanga,2014,Algo seguro,Algo insatisfecho
Bucaramanga,2014,Seguro,Ni satisfecho ni insatisfecho
Bucaramanga,2014,Seguro,Ni satisfecho ni insatisfecho
Bucaramanga,2014,Poco seguro,Muy insatisfecho
Bucaramanga,2014,Algo seguro,Muy satisfecho
Bucaramanga,2014,Nada seguro,Algo insatisfecho
Bucaramanga,2014,Algo seguro,Algo insatisfecho
Bucaramanga,2014,Seguro,Ni satisfecho ni insatisfecho
Bucaramanga,2014,Algo seguro,Ni satisfecho ni insatisfecho
Bucaramanga,2014,Algo seguro,Muy insatisfecho
Bucaramanga,2014,Poco seguro,Muy insatisfecho
Bucaramanga,2014,Seguro,Ni satisfecho ni insatisfecho
Bucaramanga,2014,Algo seguro,Ni satisfecho ni insatisfecho
Bucaramanga,2014,Algo seguro,Ni satisfecho ni insatisfecho
Bucaramanga,2014,Algo seguro,Algo satisfecho
Bucaramanga,2014,Seguro,Algo satisfecho
Bucaramanga,2014,Seguro,Ni satisfecho ni insatisfecho
Bucaramanga,2014,Algo seguro,Algo insatisfecho
Bucaramanga,2014,Seguro,Algo satisfecho
Bucaramanga,2014,Seguro,Ni satisfecho ni insatisfecho
Bucaramanga,2014,Muy seguro,Muy insatisfecho
Bucaramanga,2014,Poco seguro,Algo satisfecho
Bucaramanga,2014,Seguro,Muy insatisfecho
Bucaramanga,2014,Seguro,Muy insatisfecho
Bucaramanga,2014,Algo seguro,Ni satisfecho ni insatisfecho
Bucaramanga,2014,Algo seguro,Ni satisfecho ni insatisfecho
Bucaramanga,2014,Muy seguro,Algo satisfecho
Bucaramanga,2014,Algo seguro,Ni satisfecho ni insatisfecho
Bucaramanga,2014,Muy seguro,Muy satisfecho
Bucaramanga,2014,Algo seguro,Algo insatisfecho
Bucaramanga,2014,Seguro,Ni satisfecho ni insatisfecho
Bucaramanga,2014,Muy seguro,Muy insatisfecho
Bucaramanga,2014,Seguro,Algo satisfecho
Bucaramanga,2014,Algo seguro,Algo insatisfecho
Bucaramanga,2014,Muy seguro,Muy satisfecho
Bucaramanga,2014,Algo seguro,Algo satisfecho
Bucaramanga,2014,Algo seguro,Muy insatisfecho
Bucaramanga,2014,Algo seguro,Ni satisfecho ni insatisfecho
Bucaramanga,2014,Seguro,Algo insatisfecho
Bucaramanga,2014,Seguro,Muy insatisfecho
Bucaramanga,2014,Seguro,Muy insatisfecho
Bucaramanga,2014,Seguro,Algo satisfecho
Bucaramanga,2014,Algo seguro,Ni satisfecho ni insatisfecho
Bucaramanga,2014,Seguro,Muy satisfecho
Bucaramanga,2014,Algo seguro,Muy insatisfecho
Bucaramanga,2014,Poco seguro,Muy insatisfecho
Bucaramanga,2014,Muy seguro,Muy satisfecho
Bucaramanga,2014,Algo seguro,Algo satisfecho
Bucaramanga,2014,Algo seguro,Muy insatisfecho
Bucaramanga,2014,Seguro,Algo insatisfecho
Bucaramanga,2014,Algo seguro,Algo insatisfecho
Bucaramanga,2014,Seguro,Ni satisfecho ni insatisfecho
Bucaramanga,2014,Seguro,Ni satisfecho ni insatisfecho
Bucaramanga,2014,Algo seguro,Ni satisfecho ni insatisfecho
Bucaramanga,2014,Seguro,Muy satisfecho
Bucaramanga,2014,Seguro,Muy insatisfecho
Bucaramanga,2014,Muy seguro,Ni satisfecho ni insatisfecho
Bucaramanga,2014,Nada seguro,Algo insatisfecho
Bucaramanga,2014,Muy seguro,Ni satisfecho ni insatisfecho
Bucaramanga,2014,Poco seguro,Ni satisfecho ni insatisfecho
Bucaramanga,2014,Nada seguro,Muy insatisfecho
Bucaramanga,2014,Muy seguro,Algo satisfecho
Bucaramanga,2014,Algo seguro,Algo insatisfecho
Bucaramanga,2014,Muy seguro,Algo satisfecho
Bucaramanga,2014,Algo seguro,Ni satisfecho ni insatisfecho
Bucaramanga,2014,Muy seguro,Muy insatisfecho
Bucaramanga,2014,Algo seguro,Algo insatisfecho
Bucaramanga,2014,Poco seguro,Ni satisfecho ni insatisfecho
Bucaramanga,2014,Algo seguro,Algo insatisfecho
Bucaramanga,2014,Muy seguro,Muy satisfecho
Bucaramanga,2014,Algo seguro,Muy satisfecho
Bucaramanga,2014,Nada seguro,Muy insatisfecho
Bucaramanga,2014,Seguro,Ni satisfecho ni insatisfecho
Bucaramanga,2014,Algo seguro,Ni satisfecho ni insatisfecho
Bucaramanga,2014,Muy seguro,Ni satisfecho ni insatisfecho
Bucaramanga,2014,Poco seguro,Algo insatisfecho
Bucaramanga,2014,Algo seguro,Ni satisfecho ni insatisfecho
Bucaramanga,2014,Algo seguro,Ni satisfecho ni insatisfecho
Bucaramanga,2014,Poco seguro,Algo insatisfecho
Bucaramanga,2014,Algo seguro,Algo insatisfecho
Bucaramanga,2014,Nada seguro,Algo satisfecho
Bucaramanga,2014,Poco seguro,Muy insatisfecho
Bucaramanga,2014,Algo seguro,Algo insatisfecho
Bucaramanga,2014,Algo seguro,Ni satisfecho ni insatisfecho
Bucaramanga,2014,Poco seguro,Muy insatisfecho
Bucaramanga,2014,Algo seguro,Algo insatisfecho
Bucaramanga,2014,Seguro,Muy satisfecho
Bucaramanga,2014,Algo seguro,Algo insatisfecho
Bucaramanga,2014,Algo seguro,Muy insatisfecho
Bucaramanga,2014,Muy seguro,Muy insatisfecho
Bucaramanga,2014,Poco seguro,Ni satisfecho ni insatisfecho
Bucaramanga,2014,Poco seguro,Muy insatisfecho
Bucaramanga,2014,Algo seguro,Muy insatisfecho
Bucaramanga,2014,Algo seguro,Muy insatisfecho
Bucaramanga,2014,Poco seguro,Ni satisfecho ni insatisfecho
Bucaramanga,2014,Algo seguro,Algo insatisfecho
Bucaramanga,2014,Poco seguro,Muy satisfecho
Bucaramanga,2014,Algo seguro,Muy insatisfecho
Bucaramanga,2014,Seguro,Algo satisfecho
Bucaramanga,2014,Algo seguro,Muy insatisfecho
Bucaramanga,2014,Algo seguro,Algo satisfecho
Bucaramanga,2014,Poco seguro,Muy insatisfecho
Bucaramanga,2014,Algo seguro,Ni satisfecho ni insatisfecho
Bucaramanga,2014,Poco seguro,Muy satisfecho
Bucaramanga,2014,Seguro,Ni satisfecho ni insatisfecho
Bucaramanga,2014,Muy seguro,Algo satisfecho
Bucaramanga,2014,Poco seguro,Muy insatisfecho
Bucaramanga,2014,Seguro,Algo insatisfecho
Bucaramanga,2014,Algo seguro,Muy insatisfecho
Bucaramanga,2014,Poco seguro,Algo insatisfecho
Bucaramanga,2014,Algo seguro,Muy insatisfecho
Bucaramanga,2014,Muy seguro,Muy insatisfecho
Bucaramanga,2014,Seguro,Muy insatisfecho
Bucaramanga,2014,Seguro,Muy insatisfecho
Bucaramanga,2014,Algo seguro,Ni satisfecho ni insatisfecho
Bucaramanga,2014,Muy seguro,Algo satisfecho
Bucaramanga,2014,Seguro,Algo insatisfecho
Bucaramanga,2014,Seguro,Muy insatisfecho
Bucaramanga,2014,Muy seguro,Ni satisfecho ni insatisfecho
Bucaramanga,2014,Seguro,Ni satisfecho ni insatisfecho
Bucaramanga,2014,Algo seguro,Ni satisfecho ni insatisfecho
Bucaramanga,2014,Seguro,Algo satisfecho
Bucaramanga,2014,Seguro,Muy insatisfecho
Bucaramanga,2014,Seguro,Algo satisfecho
Bucaramanga,2014,Seguro,Algo insatisfecho
Bucaramanga,2014,Seguro,Algo insatisfecho
Bucaramanga,2014,Algo seguro,Ni satisfecho ni insatisfecho
Bucaramanga,2014,Algo seguro,Ni satisfecho ni insatisfecho
Bucaramanga,2014,Muy seguro,Algo satisfecho
Bucaramanga,2014,Seguro,Muy satisfecho
Bucaramanga,2014,Algo seguro,Ni satisfecho ni insatisfecho
Bucaramanga,2014,Poco seguro,Ni satisfecho ni insatisfecho
Bucaramanga,2014,Muy seguro,Ni satisfecho ni insatisfecho
Bucaramanga,2014,Seguro,Muy insatisfecho
Bucaramanga,2014,Poco seguro,Muy insatisfecho
Bucaramanga,2014,Algo seguro,Algo satisfecho
Bucaramanga,2014,Poco seguro,Algo insatisfecho
Bucaramanga,2014,Algo seguro,Ni satisfecho ni insatisfecho
Bucaramanga,2014,Seguro,Ni satisfecho ni insatisfecho
Bucaramanga,2014,Algo seguro,Algo insatisfecho
Bucaramanga,2014,Algo seguro,Muy insatisfecho
Bucaramanga,2014,Algo seguro,Algo insatisfecho
Bucaramanga,2014,Algo seguro,Muy insatisfecho
Bucaramanga,2014,Muy seguro,Ni satisfecho ni insatisfecho
Bucaramanga,2014,Algo seguro,Algo insatisfecho
Bucaramanga,2014,Nada seguro,Algo insatisfecho
Bucaramanga,2014,Muy seguro,Muy insatisfecho
Bucaramanga,2014,Muy seguro,Algo satisfecho
Bucaramanga,2014,Algo seguro,Algo satisfecho
Bucaramanga,2014,Algo seguro,Muy satisfecho
Bucaramanga,2014,Seguro,Muy insatisfecho
Bucaramanga,2014,Nada seguro,Muy insatisfecho
Bucaramanga,2014,Algo seguro,Ni satisfecho ni insatisfecho
Bucaramanga,2014,Seguro,Algo insatisfecho
Bucaramanga,2014,Algo seguro,Algo insatisfecho
Bucaramanga,2014,Muy seguro,Ni satisfecho ni insatisfecho
Bucaramanga,2014,Seguro,Algo insatisfecho
Bucaramanga,2014,Seguro,Ni satisfecho ni insatisfecho
Bucaramanga,2014,Muy seguro,Ni satisfecho ni insatisfecho
Bucaramanga,2014,Algo seguro,Algo insatisfecho
Bucaramanga,2014,Seguro,Ni satisfecho ni insatisfecho
Bucaramanga,2014,Seguro,Muy insatisfecho
Bucaramanga,2014,Algo seguro,Ni satisfecho ni insatisfecho
Bucaramanga,2014,Poco seguro,Algo insatisfecho
Bucaramanga,2014,Seguro,Ni satisfecho ni insatisfecho
Bucaramanga,2014,Muy seguro,Algo insatisfecho
Bucaramanga,2014,Algo seguro,Algo insatisfecho
Bucaramanga,2014,Algo seguro,Ni satisfecho ni insatisfecho
Bucaramanga,2014,Seguro,Ni satisfecho ni insatisfecho
Bucaramanga,2014,Algo seguro,Ni satisfecho ni insatisfecho
Bucaramanga,2014,Poco seguro,Algo insatisfecho
Bucaramanga,2014,Algo seguro,Ni satisfecho ni insatisfecho
Bucaramanga,2014,Algo seguro,Muy insatisfecho
Bucaramanga,2014,Algo seguro,Muy insatisfecho
Bucaramanga,2014,Muy seguro,Ni satisfecho ni insatisfecho
Bucaramanga,2014,Nada seguro,Algo insatisfecho
Bucaramanga,2014,Muy seguro,Ni satisfecho ni insatisfecho
Bucaramanga,2014,Algo seguro,Muy insatisfecho
Bucaramanga,2014,Seguro,Algo satisfecho
Bucaramanga,2014,Muy seguro,Muy satisfecho
Bucaramanga,2014,Algo seguro,Algo insatisfecho
Bucaramanga,2014,Algo seguro,Algo insatisfecho
Bucaramanga,2014,Seguro,Muy insatisfecho
Bucaramanga,2014,Nada seguro,Muy insatisfecho
Bucaramanga,2014,Seguro,Muy insatisfecho
Bucaramanga,2014,Algo seguro,Algo satisfecho
Bucaramanga,2014,Algo seguro,Algo satisfecho
Bucaramanga,2014,Poco seguro,Algo insatisfecho
Bucaramanga,2014,Algo seguro,Ni satisfecho ni insatisfecho
Bucaramanga,2014,Seguro,Ni satisfecho ni insatisfecho
Bucaramanga,2014,Algo seguro,Algo insatisfecho
Bucaramanga,2014,Muy seguro,Muy satisfecho
Bucaramanga,2014,Seguro,Algo insatisfecho
Bucaramanga,2014,Algo seguro,Ni satisfecho ni insatisfecho
Bucaramanga,2014,Seguro,Algo insatisfecho
Bucaramanga,2014,Muy seguro,Algo insatisfecho
Bucaramanga,2014,Seguro,Ni satisfecho ni insatisfecho
Bucaramanga,2014,Seguro,Ni satisfecho ni insatisfecho
Bucaramanga,2014,Algo seguro,Ni satisfecho ni insatisfecho
Bucaramanga,2014,Poco seguro,Ni satisfecho ni insatisfecho
Bucaramanga,2014,Algo seguro,Algo insatisfecho
Bucaramanga,2014,Poco seguro,Ni satisfecho ni insatisfecho
Bucaramanga,2014,Poco seguro,Algo insatisfecho
Bucaramanga,2014,Algo seguro,Ni satisfecho ni insatisfecho
Bucaramanga,2014,Algo seguro,Algo insatisfecho
Bucaramanga,2014,Algo seguro,Ni satisfecho ni insatisfecho
Bucaramanga,2014,Poco seguro,Algo insatisfecho
Bucaramanga,2014,Seguro,Ni satisfecho ni insatisfecho
Bucaramanga,2014,Algo seguro,Algo insatisfecho
Bucaramanga,2014,Muy seguro,Ni satisfecho ni insatisfecho
Bucaramanga,2014,Poco seguro,Algo insatisfecho
Bucaramanga,2014,Seguro,Muy insatisfecho
Bucaramanga,2014,Seguro,Muy satisfecho
Bucaramanga,2014,Seguro,Algo insatisfecho
Bucaramanga,2014,Seguro,Ni satisfecho ni insatisfecho
Bucaramanga,2014,Algo seguro,Muy insatisfecho
Bucaramanga,2014,Muy seguro,Algo insatisfecho
Bucaramanga,2014,Algo seguro,Ni satisfecho ni insatisfecho
Bucaramanga,2014,Algo seguro,Algo insatisfecho
Bucaramanga,2014,Muy seguro,Muy insatisfecho
Bucaramanga,2014,Muy seguro,Ni satisfecho ni insatisfecho
Bucaramanga,2014,Seguro,Ni satisfecho ni insatisfecho
Bucaramanga,2014,Muy seguro,Muy insatisfecho
Bucaramanga,2014,Muy seguro,Algo satisfecho
Bucaramanga,2014,Algo seguro,Algo satisfecho
Bucaramanga,2014,Muy seguro,Algo satisfecho
Bucaramanga,2014,Algo seguro,Algo insatisfecho
Bucaramanga,2014,Algo seguro,Algo satisfecho
Bucaramanga,2014,Algo seguro,Muy insatisfecho
Bucaramanga,2014,Seguro,Muy satisfecho
Bucaramanga,2014,Seguro,Algo satisfecho
Bucaramanga,2014,Algo seguro,Muy insatisfecho
Bucaramanga,2014,Muy seguro,Algo satisfecho
Bucaramanga,2014,Seguro,Ni satisfecho ni insatisfecho
Bucaramanga,2014,Seguro,Muy insatisfecho
Bucaramanga,2014,Seguro,Algo satisfecho
Bucaramanga,2014,Poco seguro,Algo insatisfecho
Bucaramanga,2014,Muy seguro,Algo satisfecho
Bucaramanga,2014,Algo seguro,Algo satisfecho
Bucaramanga,2014,Algo seguro,Ni satisfecho ni insatisfecho
Bucaramanga,2014,Seguro,Algo insatisfecho
Bucaramanga,2014,Seguro,Algo satisfecho
Bucaramanga,2014,Algo seguro,Algo insatisfecho
Bucaramanga,2014,Algo seguro,Ni satisfecho ni insatisfecho
Bucaramanga,2014,Algo seguro,Algo insatisfecho
Bucaramanga,2014,Seguro,Ni satisfecho ni insatisfecho
Bucaramanga,2014,Seguro,Algo satisfecho
Bucaramanga,2014,Nada seguro,Muy insatisfecho
Bucaramanga,2014,Seguro,Ni satisfecho ni insatisfecho
Bucaramanga,2014,Seguro,Muy insatisfecho
Bucaramanga,2014,Poco seguro,Ni satisfecho ni insatisfecho
Bucaramanga,2014,Seguro,Algo satisfecho
Bucaramanga,2014,Algo seguro,Ni satisfecho ni insatisfecho
Bucaramanga,2014,Algo seguro,Muy satisfecho
Bucaramanga,2014,Seguro,Ni satisfecho ni insatisfecho
Bucaramanga,2014,Seguro,Ni satisfecho ni insatisfecho
Bucaramanga,2014,Nada seguro,Muy insatisfecho
Bucaramanga,2014,Algo seguro,Algo insatisfecho
Bucaramanga,2014,Nada seguro,Algo insatisfecho
Bucaramanga,2014,Seguro,Ni satisfecho ni insatisfecho
Bucaramanga,2014,Seguro,Algo insatisfecho
Bucaramanga,2014,Seguro,Ni satisfecho ni insatisfecho
Bucaramanga,2014,Poco seguro,Muy insatisfecho
Bucaramanga,2014,Algo seguro,Algo insatisfecho
Bucaramanga,2014,Algo seguro,Ni satisfecho ni insatisfecho
Bucaramanga,2014,Algo seguro,Muy insatisfecho
Bucaramanga,2014,Seguro,Ni satisfecho ni insatisfecho
Bucaramanga,2014,Poco seguro,Muy insatisfecho
Bucaramanga,2014,Algo seguro,Ni satisfecho ni insatisfecho
Bucaramanga,2014,Algo seguro,Ni satisfecho ni insatisfecho
Bucaramanga,2014,Poco seguro,Muy insatisfecho
Bucaramanga,2014,Muy seguro,Ni satisfecho ni insatisfecho
Bucaramanga,2014,Nada seguro,Algo insatisfecho
Bucaramanga,2014,Nada seguro,Algo insatisfecho
Bucaramanga,2014,Muy seguro,Ni satisfecho ni insatisfecho
Bucaramanga,2014,Algo seguro,Ni satisfecho ni insatisfecho
Bucaramanga,2014,Algo seguro,Algo insatisfecho
Bucaramanga,2014,Poco seguro,Algo insatisfecho
Bucaramanga,2014,Algo seguro,Muy insatisfecho
Bucaramanga,2014,Algo seguro,Muy insatisfecho
Bucaramanga,2014,Muy seguro,Algo insatisfecho
Bucaramanga,2014,Poco seguro,Algo satisfecho
Bucaramanga,2014,Seguro,Algo insatisfecho
Bucaramanga,2014,Algo seguro,Algo satisfecho
Bucaramanga,2014,Poco seguro,Algo insatisfecho
Bucaramanga,2014,Muy seguro,Algo insatisfecho
Bucaramanga,2014,Algo seguro,Ni satisfecho ni insatisfecho
Bucaramanga,2014,Muy seguro,Ni satisfecho ni insatisfecho
Bucaramanga,2014,Seguro,Algo satisfecho
Bucaramanga,2014,Seguro,Algo satisfecho
Bucaramanga,2014,Seguro,Muy insatisfecho
Bucaramanga,2014,Algo seguro,Ni satisfecho ni insatisfecho
Bucaramanga,2014,Seguro,Algo insatisfecho
Bucaramanga,2014,Seguro,Algo insatisfecho
Bucaramanga,2014,Algo seguro,Algo satisfecho
Bucaramanga,2014,Muy seguro,Ni satisfecho ni insatisfecho
Bucaramanga,2014,Poco seguro,Algo satisfecho
Bucaramanga,2014,Algo seguro,Muy insatisfecho
Bucaramanga,2014,Algo seguro,Muy insatisfecho
Bucaramanga,2014,Seguro,Algo insatisfecho
Bucaramanga,2014,Seguro,Algo satisfecho
Bucaramanga,2014,Algo seguro,Ni satisfecho ni insatisfecho
Bucaramanga,2014,Seguro,Algo insatisfecho
Bucaramanga,2014,Algo seguro,Algo insatisfecho
Bucaramanga,2014,Algo seguro,Algo insatisfecho
Bucaramanga,2014,Algo seguro,Ni satisfecho ni insatisfecho
Bucaramanga,2014,Algo seguro,Ni satisfecho ni insatisfecho
Bucaramanga,2014,Algo seguro,Algo satisfecho
Bucaramanga,2014,Algo seguro,Algo insatisfecho
Bucaramanga,2014,Nada seguro,Algo insatisfecho
Bucaramanga,2014,Algo seguro,Ni satisfecho ni insatisfecho
Bucaramanga,2014,Nada seguro,Ni satisfecho ni insatisfecho
Bucaramanga,2014,Poco seguro,Algo insatisfecho
Bucaramanga,2014,Seguro,Ni satisfecho ni insatisfecho
Bucaramanga,2014,Seguro,Ni satisfecho ni insatisfecho
Bucaramanga,2014,Seguro,Algo satisfecho
Bucaramanga,2014,Seguro,Ni satisfecho ni insatisfecho
Bucaramanga,2014,Muy seguro,Algo insatisfecho
Bucaramanga,2014,Muy seguro,Ni satisfecho ni insatisfecho
Bucaramanga,2014,Algo seguro,Ni satisfecho ni insatisfecho
Bucaramanga,2014,Muy seguro,Ni satisfecho ni insatisfecho
Bucaramanga,2014,Poco seguro,Algo insatisfecho
Bucaramanga,2014,Poco seguro,Ni satisfecho ni insatisfecho
Bucaramanga,2014,Poco seguro,Ni satisfecho ni insatisfecho
Bucaramanga,2014,Algo seguro,Algo insatisfecho
Bucaramanga,2014,Algo seguro,Algo insatisfecho
Bucaramanga,2014,Algo seguro,Muy insatisfecho
Bucaramanga,2014,Muy seguro,Algo insatisfecho
Bucaramanga,2014,Poco seguro,Algo satisfecho
Bucaramanga,2014,Seguro,Ni satisfecho ni insatisfecho
Bucaramanga,2014,Nada seguro,Muy insatisfecho
Bucaramanga,2014,Seguro,Ni satisfecho ni insatisfecho
Bucaramanga,2014,Seguro,Muy insatisfecho
Bucaramanga,2014,Algo seguro,Ni satisfecho ni insatisfecho
Bucaramanga,2014,Algo seguro,Ni satisfecho ni insatisfecho
Bucaramanga,2014,Seguro,Muy insatisfecho
Bucaramanga,2014,Algo seguro,Ni satisfecho ni insatisfecho
Bucaramanga,2014,Algo seguro,Muy insatisfecho
Bucaramanga,2014,Algo seguro,Ni satisfecho ni insatisfecho
Bucaramanga,2014,Seguro,Muy insatisfecho
Bucaramanga,2014,Nada seguro,Muy insatisfecho
Bucaramanga,2014,Poco seguro,Muy insatisfecho
Bucaramanga,2014,Nada seguro,Muy insatisfecho
Bucaramanga,2014,Nada seguro,Ni satisfecho ni insatisfecho
Bucaramanga,2014,Algo seguro,Muy insatisfecho
Bucaramanga,2014,Algo seguro,Algo insatisfecho
Bucaramanga,2014,Algo seguro,Algo insatisfecho
Bucaramanga,2014,Muy seguro,Muy insatisfecho
Bucaramanga,2014,Algo seguro,Ni satisfecho ni insatisfecho
Bucaramanga,2014,Seguro,Ni satisfecho ni insatisfecho
Bucaramanga,2014,Poco seguro,Algo insatisfecho
Bucaramanga,2014,Poco seguro,Muy insatisfecho
Bucaramanga,2014,Muy seguro,Ni satisfecho ni insatisfecho
Bucaramanga,2014,Seguro,Algo satisfecho
Bucaramanga,2014,Algo seguro,Algo insatisfecho
Bucaramanga,2014,Seguro,Muy insatisfecho
Bucaramanga,2014,Algo seguro,Ni satisfecho ni insatisfecho
Bucaramanga,2014,Algo seguro,Muy insatisfecho
Bucaramanga,2014,Seguro,Algo insatisfecho
Bucaramanga,2014,Seguro,Ni satisfecho ni insatisfecho
Bucaramanga,2014,Algo seguro,Algo insatisfecho
Bucaramanga,2014,Poco seguro,Algo insatisfecho
Bucaramanga,2014,Algo seguro,Muy insatisfecho
Bucaramanga,2014,Algo seguro,Muy insatisfecho
Bucaramanga,2014,Algo seguro,Muy insatisfecho
Bucaramanga,2014,Seguro,Algo insatisfecho
Bucaramanga,2014,Algo seguro,Algo insatisfecho
Bucaramanga,2014,Algo seguro,Ni satisfecho ni insatisfecho
Bucaramanga,2014,Poco seguro,Algo insatisfecho
Bucaramanga,2014,Algo seguro,Muy insatisfecho
Bucaramanga,2014,Nada seguro,Muy insatisfecho
Bucaramanga,2014,Seguro,Algo satisfecho
Bucaramanga,2014,Algo seguro,Muy insatisfecho
Bucaramanga,2014,Algo seguro,Algo insatisfecho
Bucaramanga,2014,Seguro,Algo insatisfecho
Bucaramanga,2014,Poco seguro,Muy insatisfecho
Bucaramanga,2014,Muy seguro,Algo satisfecho
Bucaramanga,2014,Muy seguro,Muy insatisfecho
Bucaramanga,2014,Seguro,Muy insatisfecho
Bucaramanga,2014,Nada seguro,Algo insatisfecho
Bucaramanga,2014,Algo seguro,Algo insatisfecho
Bucaramanga,2014,Algo seguro,Ni satisfecho ni insatisfecho
Bucaramanga,2014,Seguro,Algo insatisfecho
Bucaramanga,2014,Seguro,Algo insatisfecho
Bucaramanga,2014,Seguro,Ni satisfecho ni insatisfecho
Bucaramanga,2014,Nada seguro,Muy insatisfecho
Bucaramanga,2014,Seguro,Algo insatisfecho
Bucaramanga,2014,Nada seguro,Algo satisfecho
Bucaramanga,2014,Algo seguro,Muy insatisfecho
Bucaramanga,2014,Algo seguro,Muy insatisfecho
Bucaramanga,2014,Seguro,Ni satisfecho ni insatisfecho
Bucaramanga,2014,Algo seguro,Muy insatisfecho
Bucaramanga,2014,Muy seguro,Algo insatisfecho
Bucaramanga,2014,Seguro,Ni satisfecho ni insatisfecho
Bucaramanga,2014,Poco seguro,Ni satisfecho ni insatisfecho
Bucaramanga,2014,Algo seguro,Muy insatisfecho
Bucaramanga,2014,Seguro,Algo satisfecho
Bucaramanga,2014,Algo seguro,Algo insatisfecho
Bucaramanga,2014,Seguro,Algo insatisfecho
Bucaramanga,2014,Poco seguro,Algo satisfecho
Bucaramanga,2014,Algo seguro,Algo insatisfecho
Bucaramanga,2014,Algo seguro,Algo insatisfecho
Bucaramanga,2014,Poco seguro,Muy insatisfecho
Bucaramanga,2014,Poco seguro,Algo insatisfecho
Bucaramanga,2014,Poco seguro,Algo insatisfecho
Bucaramanga,2014,Algo seguro,Ni satisfecho ni insatisfecho
Bucaramanga,2014,Seguro,Algo insatisfecho
Bucaramanga,2014,Algo seguro,Muy insatisfecho
Bucaramanga,2014,Seguro,Algo satisfecho
Bucaramanga,2014,Poco seguro,Algo insatisfecho
Bucaramanga,2014,Poco seguro,Algo insatisfecho
Bucaramanga,2014,Seguro,Ni satisfecho ni insatisfecho
Bucaramanga,2014,Seguro,Muy insatisfecho
Bucaramanga,2014,Seguro,Algo satisfecho
Bucaramanga,2014,Algo seguro,Algo insatisfecho
Bucaramanga,2014,Nada seguro,Muy insatisfecho
Bucaramanga,2014,Nada seguro,Algo insatisfecho
Bucaramanga,2014,Nada seguro,Muy satisfecho
Bucaramanga,2014,Algo seguro,Ni satisfecho ni insatisfecho
Bucaramanga,2014,Poco seguro,Algo insatisfecho
Bucaramanga,2014,Poco seguro,Muy insatisfecho
Bucaramanga,2014,Poco seguro,Muy insatisfecho
Bucaramanga,2014,Poco seguro,Algo insatisfecho
Bucaramanga,2014,Algo seguro,Muy insatisfecho
Bucaramanga,2014,Poco seguro,Algo insatisfecho
Bucaramanga,2014,Algo seguro,Muy insatisfecho
Bucaramanga,2014,Seguro,Muy insatisfecho
Bucaramanga,2014,Algo seguro,Ni satisfecho ni insatisfecho
Bucaramanga,2014,Seguro,Algo insatisfecho
Bucaramanga,2014,Algo seguro,Ni satisfecho ni insatisfecho
Bucaramanga,2014,Poco seguro,Ni satisfecho ni insatisfecho
Bucaramanga,2014,Algo seguro,Ni satisfecho ni insatisfecho
Bucaramanga,2014,Algo seguro,Algo insatisfecho
Bucaramanga,2014,Seguro,Algo insatisfecho
Bucaramanga,2014,Algo seguro,Algo satisfecho
Bucaramanga,2014,Seguro,Algo satisfecho
Bucaramanga,2014,Seguro,Algo satisfecho
Bucaramanga,2014,Seguro,Algo insatisfecho
Bucaramanga,2014,Algo seguro,Ni satisfecho ni insatisfecho
Bucaramanga,2014,Algo seguro,Algo insatisfecho
Bucaramanga,2014,Seguro,Algo insatisfecho
Bucaramanga,2014,Seguro,Ni satisfecho ni insatisfecho
Bucaramanga,2014,Poco seguro,Muy insatisfecho
Bucaramanga,2014,Seguro,Algo satisfecho
Bucaramanga,2014,Nada seguro,Muy insatisfecho
Bucaramanga,2014,Algo seguro,Ni satisfecho ni insatisfecho
Bucaramanga,2014,Muy seguro,Ni satisfecho ni insatisfecho
Bucaramanga,2014,Algo seguro,Muy insatisfecho
Bucaramanga,2014,Algo seguro,Ni satisfecho ni insatisfecho
Bucaramanga,2014,Nada seguro,Muy insatisfecho
Bucaramanga,2014,Algo seguro,Muy insatisfecho
Bucaramanga,2014,Algo seguro,Ni satisfecho ni insatisfecho
Bucaramanga,2014,Seguro,Algo insatisfecho
Bucaramanga,2014,Muy seguro,Ni satisfecho ni insatisfecho
Bucaramanga,2014,Seguro,Algo insatisfecho
Bucaramanga,2014,Seguro,Ni satisfecho ni insatisfecho
Bucaramanga,2014,Algo seguro,Ni satisfecho ni insatisfecho
Bucaramanga,2014,Seguro,Algo insatisfecho
Bucaramanga,2014,Seguro,Muy insatisfecho
Bucaramanga,2014,Seguro,Algo satisfecho
Bucaramanga,2014,Algo seguro,Ni satisfecho ni insatisfecho
Bucaramanga,2014,Muy seguro,Muy insatisfecho
Bucaramanga,2014,Poco seguro,Ni satisfecho ni insatisfecho
Bucaramanga,2014,Algo seguro,Algo insatisfecho
Bucaramanga,2014,Seguro,Algo insatisfecho
Bucaramanga,2014,Muy seguro,Ni satisfecho ni insatisfecho
Bucaramanga,2014,Muy seguro,Muy insatisfecho
Bucaramanga,2014,Algo seguro,Algo insatisfecho
Bucaramanga,2014,Seguro,Algo satisfecho
Bucaramanga,2014,Seguro,Ni satisfecho ni insatisfecho
Bucaramanga,2014,Poco seguro,Algo insatisfecho
Bucaramanga,2014,Seguro,Algo satisfecho
Bucaramanga,2014,Muy seguro,Algo satisfecho
Bucaramanga,2014,Seguro,Algo satisfecho
Bucaramanga,2014,Nada seguro,Ni satisfecho ni insatisfecho
Bucaramanga,2014,Algo seguro,Muy insatisfecho
Bucaramanga,2014,Poco seguro,Algo insatisfecho
Bucaramanga,2014,Muy seguro,Ni satisfecho ni insatisfecho
Bucaramanga,2014,Seguro,Ni satisfecho ni insatisfecho
Bucaramanga,2014,Seguro,Algo insatisfecho
Bucaramanga,2014,Seguro,Ni satisfecho ni insatisfecho
Bucaramanga,2014,Algo seguro,Muy satisfecho
Bucaramanga,2014,Poco seguro,Algo insatisfecho
Bucaramanga,2014,Algo seguro,Algo insatisfecho
Bucaramanga,2014,Seguro,Ni satisfecho ni insatisfecho
Bucaramanga,2014,Seguro,Ni satisfecho ni insatisfecho
Bucaramanga,2014,Seguro,Muy insatisfecho
Bucaramanga,2014,Seguro,Algo satisfecho
Bucaramanga,2014,Seguro,Algo insatisfecho
Bucaramanga,2014,Seguro,Ni satisfecho ni insatisfecho
Bucaramanga,2014,Algo seguro,Ni satisfecho ni insatisfecho
Bucaramanga,2014,Algo seguro,Algo insatisfecho
Bucaramanga,2014,Seguro,Algo satisfecho
Bucaramanga,2014,Algo seguro,Algo insatisfecho
Bucaramanga,2014,Seguro,Algo insatisfecho
Bucaramanga,2014,Muy seguro,Algo satisfecho
Bucaramanga,2014,Nada seguro,Algo insatisfecho
Bucaramanga,2014,Muy seguro,Muy satisfecho
Bucaramanga,2014,Algo seguro,Algo insatisfecho
Bucaramanga,2014,Seguro,Algo insatisfecho
Bucaramanga,2014,Seguro,Ni satisfecho ni insatisfecho
Bucaramanga,2014,Muy seguro,Ni satisfecho ni insatisfecho
Bucaramanga,2014,Poco seguro,Ni satisfecho ni insatisfecho
Bucaramanga,2014,Algo seguro,Muy satisfecho
Bucaramanga,2014,Algo seguro,Muy insatisfecho
Bucaramanga,2014,Algo seguro,Ni satisfecho ni insatisfecho
Bucaramanga,2014,Seguro,Algo insatisfecho
Bucaramanga,2014,Algo seguro,Muy insatisfecho
Bucaramanga,2014,Algo seguro,Algo insatisfecho
Bucaramanga,2014,Algo seguro,Algo insatisfecho
Bucaramanga,2014,Algo seguro,Muy satisfecho
Bucaramanga,2014,Poco seguro,Ni satisfecho ni insatisfecho
Bucaramanga,2014,Algo seguro,Muy insatisfecho
Bucaramanga,2014,Algo seguro,Ni satisfecho ni insatisfecho
Bucaramanga,2014,Algo seguro,Algo insatisfecho
Bucaramanga,2014,Seguro,Ni satisfecho ni insatisfecho
Bucaramanga,2014,Algo seguro,Algo insatisfecho
Bucaramanga,2014,Algo seguro,Algo insatisfecho
Bucaramanga,2014,Algo seguro,Algo insatisfecho
Bucaramanga,2014,Algo seguro,Algo insatisfecho
Bucaramanga,2014,Algo seguro,Ni satisfecho ni insatisfecho
Bucaramanga,2014,Algo seguro,Ni satisfecho ni insatisfecho
Bucaramanga,2014,Seguro,Algo satisfecho
Bucaramanga,2014,Algo seguro,Algo insatisfecho
Bucaramanga,2014,Seguro,Algo insatisfecho
Bucaramanga,2014,Seguro,Ni satisfecho ni insatisfecho
Bucaramanga,2014,Algo seguro,Algo insatisfecho
Bucaramanga,2014,Poco seguro,Ni satisfecho ni insatisfecho
Bucaramanga,2014,Algo seguro,Algo satisfecho
Bucaramanga,2014,Seguro,Algo satisfecho
Bucaramanga,2014,Muy seguro,Algo satisfecho
Bucaramanga,2014,Poco seguro,Algo insatisfecho
Bucaramanga,2014,Algo seguro,Algo insatisfecho
Bucaramanga,2014,Algo seguro,Algo insatisfecho
Bucaramanga,2014,Seguro,Algo insatisfecho
Bucaramanga,2014,Poco seguro,Algo insatisfecho
Bucaramanga,2014,Muy seguro,Algo satisfecho
Bucaramanga,2014,Poco seguro,Algo insatisfecho
Bucaramanga,2014,Algo seguro,Algo insatisfecho
Bucaramanga,2014,Muy seguro,Algo insatisfecho
Bucaramanga,2014,Algo seguro,Algo insatisfecho
Bucaramanga,2014,Muy seguro,Muy satisfecho
Bucaramanga,2014,Algo seguro,Ni satisfecho ni insatisfecho
Bucaramanga,2014,Algo seguro,Muy satisfecho
Bucaramanga,2014,Poco seguro,Muy insatisfecho
Bucaramanga,2014,Algo seguro,Ni satisfecho ni insatisfecho
Bucaramanga,2014,Muy seguro,Ni satisfecho ni insatisfecho
Bucaramanga,2014,Algo seguro,Ni satisfecho ni insatisfecho
Bucaramanga,2014,Algo seguro,Algo insatisfecho
Bucaramanga,2014,Poco seguro,Muy insatisfecho
Bucaramanga,2014,Seguro,Muy insatisfecho
Bucaramanga,2014,Algo seguro,Ni satisfecho ni insatisfecho
Bucaramanga,2014,Seguro,Ni satisfecho ni insatisfecho
Bucaramanga,2014,Seguro,Algo satisfecho
Bucaramanga,2014,Muy seguro,Ni satisfecho ni insatisfecho
Bucaramanga,2014,Muy seguro,Muy satisfecho
Bucaramanga,2014,Algo seguro,Algo satisfecho
Bucaramanga,2014,Algo seguro,Algo satisfecho
Bucaramanga,2014,Algo seguro,Muy satisfecho
Bucaramanga,2014,Algo seguro,Ni satisfecho ni insatisfecho
Bucaramanga,2014,Muy seguro,Ni satisfecho ni insatisfecho
Bucaramanga,2014,Seguro,Algo insatisfecho
Bucaramanga,2014,Algo seguro,Algo insatisfecho
Bucaramanga,2014,Seguro,Algo insatisfecho
Bucaramanga,2014,Algo seguro,Ni satisfecho ni insatisfecho
Bucaramanga,2014,Algo seguro,Muy insatisfecho
Bucaramanga,2014,Nada seguro,Ni satisfecho ni insatisfecho
Bucaramanga,2014,Muy seguro,Algo satisfecho
Bucaramanga,2014,Poco seguro,Muy insatisfecho
Bucaramanga,2014,Seguro,Ni satisfecho ni insatisfecho
Bucaramanga,2014,Muy seguro,Algo insatisfecho
Bucaramanga,2014,Poco seguro,Algo insatisfecho
Bucaramanga,2014,Poco seguro,Algo insatisfecho
Bucaramanga,2014,Algo seguro,Algo satisfecho
Bucaramanga,2014,Seguro,Ni satisfecho ni insatisfecho
Bucaramanga,2014,Nada seguro,Ni satisfecho ni insatisfecho
Bucaramanga,2014,Nada seguro,Ni satisfecho ni insatisfecho
Bucaramanga,2014,Muy seguro,Muy insatisfecho
Bucaramanga,2014,Algo seguro,Ni satisfecho ni insatisfecho
Bucaramanga,2014,Algo seguro,Ni satisfecho ni insatisfecho
Bucaramanga,2014,Poco seguro,Algo insatisfecho
Bucaramanga,2014,Poco seguro,Algo insatisfecho
Bucaramanga,2014,Algo seguro,Algo insatisfecho
Bucaramanga,2014,Seguro,Ni satisfecho ni insatisfecho
Bucaramanga,2014,Algo seguro,Ni satisfecho ni insatisfecho
Bucaramanga,2014,Seguro,Muy insatisfecho
Bucaramanga,2014,Algo seguro,Algo insatisfecho
Bucaramanga,2014,Seguro,Algo insatisfecho
Bucaramanga,2014,Algo seguro,Ni satisfecho ni insatisfecho
Bucaramanga,2014,Algo seguro,Algo insatisfecho
Bucaramanga,2014,Muy seguro,Muy insatisfecho
Bucaramanga,2014,Seguro,Ni satisfecho ni insatisfecho
Bucaramanga,2014,Algo seguro,Algo insatisfecho
Bucaramanga,2014,Algo seguro,Muy insatisfecho
Bucaramanga,2014,Poco seguro,Ni satisfecho ni insatisfecho
Bucaramanga,2014,Seguro,Muy insatisfecho
Bucaramanga,2014,Nada seguro,Muy insatisfecho
Bucaramanga,2014,Nada seguro,Ni satisfecho ni insatisfecho
Bucaramanga,2014,Poco seguro,Ni satisfecho ni insatisfecho
Bucaramanga,2014,Algo seguro,Ni satisfecho ni insatisfecho
Bucaramanga,2014,Algo seguro,Ni satisfecho ni insatisfecho
Bucaramanga,2014,Algo seguro,Algo insatisfecho
Bucaramanga,2014,Muy seguro,Muy insatisfecho
Bucaramanga,2014,Poco seguro,Algo insatisfecho
Bucaramanga,2014,Nada seguro,Algo satisfecho
Bucaramanga,2014,Poco seguro,Muy insatisfecho
Bucaramanga,2014,Poco seguro,Algo insatisfecho
Bucaramanga,2014,Poco seguro,Muy insatisfecho
Bucaramanga,2014,Algo seguro,Muy insatisfecho
Bucaramanga,2014,Algo seguro,Algo insatisfecho
Bucaramanga,2014,Poco seguro,Ni satisfecho ni insatisfecho
Bucaramanga,2014,Poco seguro,Ni satisfecho ni insatisfecho
Bucaramanga,2014,Algo seguro,Muy insatisfecho
Bucaramanga,2014,Poco seguro,Algo insatisfecho
Bucaramanga,2014,Algo seguro,Muy insatisfecho
Bucaramanga,2014,Muy seguro,Muy insatisfecho
Bucaramanga,2014,Algo seguro,Algo satisfecho
Bucaramanga,2014,Poco seguro,Ni satisfecho ni insatisfecho
Bucaramanga,2014,Muy seguro,Algo satisfecho
Bucaramanga,2014,Poco seguro,Algo insatisfecho
Bucaramanga,2014,Nada seguro,Ni satisfecho ni insatisfecho
Bucaramanga,2014,Algo seguro,Algo insatisfecho
Bucaramanga,2014,Nada seguro,Muy insatisfecho
Bucaramanga,2014,Algo seguro,Muy insatisfecho
Bucaramanga,2014,Poco seguro,Muy insatisfecho
Bucaramanga,2014,Algo seguro,Ni satisfecho ni insatisfecho
Bucaramanga,2014,Muy seguro,Ni satisfecho ni insatisfecho
Bucaramanga,2014,Seguro,Ni satisfecho ni insatisfecho
Bucaramanga,2014,Muy seguro,Muy insatisfecho
Bucaramanga,2014,Algo seguro,Muy satisfecho
Bucaramanga,2014,Seguro,Ni satisfecho ni insatisfecho
Bucaramanga,2014,Muy seguro,Algo insatisfecho
Bucaramanga,2014,Seguro,Algo satisfecho
Bucaramanga,2014,Algo seguro,Algo insatisfecho
Bucaramanga,2014,Poco seguro,Ni satisfecho ni insatisfecho
Bucaramanga,2014,Algo seguro,Algo satisfecho
Bucaramanga,2014,Muy seguro,Algo insatisfecho
Bucaramanga,2014,Algo seguro,Algo satisfecho
Bucaramanga,2014,Muy seguro,Ni satisfecho ni insatisfecho
Bucaramanga,2014,Seguro,Ni satisfecho ni insatisfecho
Bucaramanga,2014,Muy seguro,Algo insatisfecho
Bucaramanga,2014,Algo seguro,Algo insatisfecho
Bucaramanga,2014,Poco seguro,Muy insatisfecho
Bucaramanga,2014,Seguro,Algo insatisfecho
Bucaramanga,2014,Muy seguro,Ni satisfecho ni insatisfecho
Bucaramanga,2014,Seguro,Muy satisfecho
Bucaramanga,2014,Muy seguro,Muy satisfecho
Bucaramanga,2014,Algo seguro,Ni satisfecho ni insatisfecho
Bucaramanga,2014,Seguro,Ni satisfecho ni insatisfecho
Bucaramanga,2014,Algo seguro,Algo insatisfecho
Bucaramanga,2014,Algo seguro,Ni satisfecho ni insatisfecho
Bucaramanga,2014,Algo seguro,Algo insatisfecho
Bucaramanga,2014,Seguro,Muy insatisfecho
Bucaramanga,2014,Seguro,Algo satisfecho
Bucaramanga,2014,Seguro,Ni satisfecho ni insatisfecho
Bucaramanga,2014,Seguro,Muy insatisfecho
Bucaramanga,2014,Algo seguro,Ni satisfecho ni insatisfecho
Bucaramanga,2014,Algo seguro,Algo satisfecho
Bucaramanga,2014,Muy seguro,Algo satisfecho
Bucaramanga,2014,Seguro,Ni satisfecho ni insatisfecho
Bucaramanga,2014,Seguro,Algo insatisfecho
Bucaramanga,2014,Algo seguro,Muy satisfecho
Bucaramanga,2014,Seguro,Muy satisfecho
Bucaramanga,2014,Nada seguro,Ni satisfecho ni insatisfecho
Bucaramanga,2014,Seguro,Ni satisfecho ni insatisfecho
Bucaramanga,2014,Algo seguro,Ni satisfecho ni insatisfecho
Bucaramanga,2014,Nada seguro,Algo insatisfecho
Bucaramanga,2014,Seguro,Ni satisfecho ni insatisfecho
Bucaramanga,2014,Algo seguro,Algo satisfecho
Bucaramanga,2014,Seguro,Ni satisfecho ni insatisfecho
Bucaramanga,2014,Seguro,Ni satisfecho ni insatisfecho
Bucaramanga,2014,Poco seguro,Muy insatisfecho
Bucaramanga,2014,Nada seguro,Muy insatisfecho
Bucaramanga,2014,Nada seguro,Algo insatisfecho
Bucaramanga,2014,Seguro,Muy insatisfecho
Bucaramanga,2014,Algo seguro,Muy insatisfecho
Bucaramanga,2014,Seguro,Muy insatisfecho
Bucaramanga,2014,Seguro,Ni satisfecho ni insatisfecho
Bucaramanga,2014,Poco seguro,Muy insatisfecho
Bucaramanga,2014,Algo seguro,Ni satisfecho ni insatisfecho
Bucaramanga,2014,Algo seguro,Ni satisfecho ni insatisfecho
Bucaramanga,2014,Poco seguro,Algo insatisfecho
Bucaramanga,2014,Muy seguro,Algo insatisfecho
Bucaramanga,2014,Algo seguro,Algo insatisfecho
Bucaramanga,2014,Algo seguro,Muy insatisfecho
Bucaramanga,2014,Muy seguro,Muy insatisfecho
Bucaramanga,2014,Seguro,Algo satisfecho
Bucaramanga,2014,Muy seguro,Muy insatisfecho
Bucaramanga,2014,Algo seguro,Muy insatisfecho
Bucaramanga,2014,Seguro,Algo satisfecho
Bucaramanga,2014,Nada seguro,Algo insatisfecho
Bucaramanga,2014,Poco seguro,Muy insatisfecho
Bucaramanga,2014,Algo seguro,Muy insatisfecho
Bucaramanga,2014,Algo seguro,Algo satisfecho
Bucaramanga,2014,Seguro,Ni satisfecho ni insatisfecho
Bucaramanga,2014,Seguro,Ni satisfecho ni insatisfecho
Bucaramanga,2014,Algo seguro,Muy satisfecho
Bucaramanga,2014,Algo seguro,Ni satisfecho ni insatisfecho
Bucaramanga,2014,Poco seguro,Muy insatisfecho
Bucaramanga,2014,Algo seguro,Algo insatisfecho
Bucaramanga,2014,Seguro,Muy insatisfecho
Bucaramanga,2014,Seguro,Algo satisfecho
Bucaramanga,2014,Muy seguro,Algo insatisfecho
Bucaramanga,2014,Poco seguro,Muy insatisfecho
Bucaramanga,2014,Seguro,Ni satisfecho ni insatisfecho
Bucaramanga,2014,Poco seguro,Algo insatisfecho
Bucaramanga,2014,Poco seguro,Ni satisfecho ni insatisfecho
Bucaramanga,2014,Seguro,Algo insatisfecho
Bucaramanga,2014,Algo seguro,Ni satisfecho ni insatisfecho
Bucaramanga,2014,Algo seguro,Ni satisfecho ni insatisfecho
Bucaramanga,2014,Seguro,Algo insatisfecho
Bucaramanga,2014,Seguro,Muy insatisfecho
Bucaramanga,2014,Muy seguro,Ni satisfecho ni insatisfecho
Bucaramanga,2014,Algo seguro,Algo insatisfecho
Bucaramanga,2014,Algo seguro,Algo insatisfecho
Bucaramanga,2014,Seguro,Ni satisfecho ni insatisfecho
Bucaramanga,2014,Algo seguro,Algo insatisfecho
Bucaramanga,2014,Seguro,Muy insatisfecho
Bucaramanga,2014,Poco seguro,Ni satisfecho ni insatisfecho
Bucaramanga,2014,Seguro,Algo satisfecho
Bucaramanga,2014,Algo seguro,Ni satisfecho ni insatisfecho
Bucaramanga,2014,Algo seguro,Muy insatisfecho
Bucaramanga,2014,Seguro,Algo insatisfecho
Bucaramanga,2014,Algo seguro,Ni satisfecho ni insatisfecho
Bucaramanga,2014,Algo seguro,Ni satisfecho ni insatisfecho
Bucaramanga,2014,Muy seguro,Muy insatisfecho
Bucaramanga,2014,Seguro,Algo insatisfecho
Bucaramanga,2014,Seguro,Muy insatisfecho
Bucaramanga,2014,Poco seguro,Muy insatisfecho
Bucaramanga,2014,Algo seguro,Muy insatisfecho
Bucaramanga,2014,Muy seguro,Muy satisfecho
Bucaramanga,2014,Poco seguro,Ni satisfecho ni insatisfecho
Bucaramanga,2014,Poco seguro,Ni satisfecho ni insatisfecho
Bucaramanga,2014,Seguro,Ni satisfecho ni insatisfecho
Bucaramanga,2014,Seguro,Algo insatisfecho
Bucaramanga,2014,Seguro,Algo insatisfecho
Bucaramanga,2014,Seguro,Ni satisfecho ni insatisfecho
Bucaramanga,2014,Algo seguro,Muy insatisfecho
Bucaramanga,2014,Seguro,Algo satisfecho
Bucaramanga,2014,Algo seguro,Muy insatisfecho
Bucaramanga,2014,Seguro,Ni satisfecho ni insatisfecho
Bucaramanga,2014,Seguro,Ni satisfecho ni insatisfecho
Bucaramanga,2014,Muy seguro,Algo satisfecho
Bucaramanga,2014,Algo seguro,Algo insatisfecho
Bucaramanga,2014,Algo seguro,Algo insatisfecho
Bucaramanga,2014,Algo seguro,Ni satisfecho ni insatisfecho
Bucaramanga,2014,Seguro,Algo insatisfecho
Bucaramanga,2014,Poco seguro,Algo satisfecho
Bucaramanga,2014,Seguro,Muy insatisfecho
Bucaramanga,2014,Seguro,Algo insatisfecho
Bucaramanga,2014,Poco seguro,Algo insatisfecho
Bucaramanga,2014,Algo seguro,Muy insatisfecho
Bucaramanga,2014,Algo seguro,Algo insatisfecho
Bucaramanga,2014,Poco seguro,Ni satisfecho ni insatisfecho
Bucaramanga,2014,Algo seguro,Ni satisfecho ni insatisfecho
Bucaramanga,2014,Nada seguro,Algo insatisfecho
Bucaramanga,2014,Seguro,Ni satisfecho ni insatisfecho
Bucaramanga,2014,Muy seguro,Algo insatisfecho
Bucaramanga,2014,Poco seguro,Algo insatisfecho
Bucaramanga,2014,Poco seguro,Muy insatisfecho
Bucaramanga,2014,Seguro,Algo satisfecho
Bucaramanga,2014,Seguro,Ni satisfecho ni insatisfecho
Bucaramanga,2014,Seguro,Algo insatisfecho
Bucaramanga,2014,Algo seguro,Algo insatisfecho
Bucaramanga,2014,Nada seguro,Muy insatisfecho
Bucaramanga,2014,Algo seguro,Algo insatisfecho
Bucaramanga,2014,Seguro,Ni satisfecho ni insatisfecho
Bucaramanga,2014,Algo seguro,Ni satisfecho ni insatisfecho
Bucaramanga,2014,Muy seguro,Muy insatisfecho
Bucaramanga,2014,Poco seguro,Ni satisfecho ni insatisfecho
Bucaramanga,2014,Muy seguro,Ni satisfecho ni insatisfecho
Bucaramanga,2014,Nada seguro,Muy insatisfecho
Bucaramanga,2014,Seguro,Algo insatisfecho
Bucaramanga,2014,Algo seguro,Muy insatisfecho
Bucaramanga,2014,Algo seguro,Algo insatisfecho
Bucaramanga,2014,Muy seguro,Algo insatisfecho
Bucaramanga,2014,Nada seguro,Ni satisfecho ni insatisfecho
Bucaramanga,2014,Seguro,Algo insatisfecho
Bucaramanga,2014,Algo seguro,Muy insatisfecho
Bucaramanga,2014,Seguro,Algo insatisfecho
Bucaramanga,2014,Algo seguro,Muy insatisfecho
Bucaramanga,2014,Seguro,Ni satisfecho ni insatisfecho
Bucaramanga,2014,Poco seguro,Muy insatisfecho
Bucaramanga,2014,Algo seguro,Algo insatisfecho
Bucaramanga,2014,Algo seguro,Muy insatisfecho
Bucaramanga,2014,Algo seguro,Algo insatisfecho
Bucaramanga,2014,Seguro,Ni satisfecho ni insatisfecho
Bucaramanga,2014,Algo seguro,Muy insatisfecho
Bucaramanga,2014,Algo seguro,Ni satisfecho ni insatisfecho
Bucaramanga,2014,Algo seguro,Ni satisfecho ni insatisfecho
Bucaramanga,2014,Poco seguro,Muy insatisfecho
Bucaramanga,2014,Muy seguro,Ni satisfecho ni insatisfecho
Bucaramanga,2014,Poco seguro,Algo insatisfecho
Bucaramanga,2014,Algo seguro,Algo insatisfecho
Bucaramanga,2014,Algo seguro,Muy insatisfecho
Bucaramanga,2014,Poco seguro,Muy insatisfecho
Bucaramanga,2014,Seguro,Algo insatisfecho
Bucaramanga,2014,Algo seguro,Ni satisfecho ni insatisfecho
Bucaramanga,2015,Nada seguro,Algo satisfecho
Bucaramanga,2015,Algo seguro,Muy satisfecho
Bucaramanga,2015,Seguro,Ni satisfecho ni insatisfecho
Bucaramanga,2015,Algo seguro,Algo insatisfecho
Bucaramanga,2015,Algo seguro,Muy satisfecho
Bucaramanga,2015,Seguro,Ni satisfecho ni insatisfecho
Bucaramanga,2015,Algo seguro,Muy satisfecho
Bucaramanga,2015,Nada seguro,Ni satisfecho ni insatisfecho
Bucaramanga,2015,Algo seguro,Muy satisfecho
Bucaramanga,2015,Poco seguro,Muy insatisfecho
Bucaramanga,2015,Poco seguro,Ni satisfecho ni insatisfecho
Bucaramanga,2015,Seguro,Algo satisfecho
Bucaramanga,2015,Seguro,Muy insatisfecho
Bucaramanga,2015,Algo seguro,Ni satisfecho ni insatisfecho
Bucaramanga,2015,Poco seguro,Ni satisfecho ni insatisfecho
Bucaramanga,2015,Algo seguro,Muy insatisfecho
Bucaramanga,2015,Algo seguro,Algo insatisfecho
Bucaramanga,2015,Muy seguro,Algo satisfecho
Bucaramanga,2015,Seguro,Ni satisfecho ni insatisfecho
Bucaramanga,2015,Algo seguro,Ni satisfecho ni insatisfecho
Bucaramanga,2015,Poco seguro,Muy satisfecho
Bucaramanga,2015,Seguro,Algo satisfecho
Bucaramanga,2015,Algo seguro,Ni satisfecho ni insatisfecho
Bucaramanga,2015,Seguro,Ni satisfecho ni insatisfecho
Bucaramanga,2015,Algo seguro,Algo satisfecho
Bucaramanga,2015,Poco seguro,Ni satisfecho ni insatisfecho
Bucaramanga,2015,Seguro,Algo satisfecho
Bucaramanga,2015,Algo seguro,Muy satisfecho
Bucaramanga,2015,Poco seguro,Algo insatisfecho
Bucaramanga,2015,Poco seguro,Muy satisfecho
Bucaramanga,2015,Poco seguro,Muy insatisfecho
Bucaramanga,2015,Seguro,Muy insatisfecho
Bucaramanga,2015,Seguro,Algo insatisfecho
Bucaramanga,2015,Poco seguro,Ni satisfecho ni insatisfecho
Bucaramanga,2015,Algo seguro,Algo satisfecho
Bucaramanga,2015,Poco seguro,Muy satisfecho
Bucaramanga,2015,Algo seguro,Algo satisfecho
Bucaramanga,2015,Poco seguro,Muy insatisfecho
Bucaramanga,2015,Poco seguro,Muy insatisfecho
Bucaramanga,2015,Seguro,Muy satisfecho
Bucaramanga,2015,Seguro,Algo insatisfecho
Bucaramanga,2015,Algo seguro,Muy insatisfecho
Bucaramanga,2015,Nada seguro,Ni satisfecho ni insatisfecho
Bucaramanga,2015,Seguro,Ni satisfecho ni insatisfecho
Bucaramanga,2015,Nada seguro,Algo satisfecho
Bucaramanga,2015,Algo seguro,Ni satisfecho ni insatisfecho
Bucaramanga,2015,Poco seguro,Algo insatisfecho
Bucaramanga,2015,Muy seguro,Algo satisfecho
Bucaramanga,2015,Poco seguro,Algo satisfecho
Bucaramanga,2015,Poco seguro,Algo satisfecho
Bucaramanga,2015,Algo seguro,Ni satisfecho ni insatisfecho
Bucaramanga,2015,Algo seguro,Muy insatisfecho
Bucaramanga,2015,Poco seguro,Muy insatisfecho
Bucaramanga,2015,Nada seguro,Muy insatisfecho
Bucaramanga,2015,Seguro,Algo satisfecho
Bucaramanga,2015,Seguro,Algo satisfecho
Bucaramanga,2015,Seguro,Ni satisfecho ni insatisfecho
Bucaramanga,2015,Seguro,Algo insatisfecho
Bucaramanga,2015,Algo seguro,Muy insatisfecho
Bucaramanga,2015,Algo seguro,Muy insatisfecho
Bucaramanga,2015,Nada seguro,Ni satisfecho ni insatisfecho
Bucaramanga,2015,Poco seguro,Ni satisfecho ni insatisfecho
Bucaramanga,2015,Algo seguro,Algo satisfecho
Bucaramanga,2015,Poco seguro,Ni satisfecho ni insatisfecho
Bucaramanga,2015,Seguro,Algo satisfecho
Bucaramanga,2015,Algo seguro,Muy insatisfecho
Bucaramanga,2015,Seguro,Ni satisfecho ni insatisfecho
Bucaramanga,2015,Poco seguro,Muy insatisfecho
Bucaramanga,2015,Algo seguro,Muy satisfecho
Bucaramanga,2015,Algo seguro,Ni satisfecho ni insatisfecho
Bucaramanga,2015,Algo seguro,Muy satisfecho
Bucaramanga,2015,Seguro,Ni satisfecho ni insatisfecho
Bucaramanga,2015,Muy seguro,Ni satisfecho ni insatisfecho
Bucaramanga,2015,Algo seguro,Algo insatisfecho
Bucaramanga,2015,Algo seguro,Algo satisfecho
Bucaramanga,2015,Seguro,Algo satisfecho
Bucaramanga,2015,Seguro,Algo satisfecho
Bucaramanga,2015,Algo seguro,Ni satisfecho ni insatisfecho
Bucaramanga,2015,Poco seguro,Algo insatisfecho
Bucaramanga,2015,Algo seguro,Algo insatisfecho
Bucaramanga,2015,Seguro,Muy insatisfecho
Bucaramanga,2015,Seguro,Muy insatisfecho
Bucaramanga,2015,Algo seguro,Algo insatisfecho
Bucaramanga,2015,Algo seguro,Algo insatisfecho
Bucaramanga,2015,Nada seguro,Muy insatisfecho
Bucaramanga,2015,Seguro,Algo insatisfecho
Bucaramanga,2015,Seguro,Ni satisfecho ni insatisfecho
Bucaramanga,2015,Muy seguro,Ni satisfecho ni insatisfecho
Bucaramanga,2015,Algo seguro,Ni satisfecho ni insatisfecho
Bucaramanga,2015,Algo seguro,Algo satisfecho
Bucaramanga,2015,Seguro,Muy insatisfecho
Bucaramanga,2015,Seguro,Algo insatisfecho
Bucaramanga,2015,Algo seguro,Muy insatisfecho
Bucaramanga,2015,Algo seguro,Algo satisfecho
Bucaramanga,2015,Algo seguro,Ni satisfecho ni insatisfecho
Bucaramanga,2015,Algo seguro,Algo insatisfecho
Bucaramanga,2015,Algo seguro,Ni satisfecho ni insatisfecho
Bucaramanga,2015,Seguro,Algo satisfecho
Bucaramanga,2015,Algo seguro,Algo insatisfecho
Bucaramanga,2015,Seguro,Algo insatisfecho
Bucaramanga,2015,Muy seguro,Ni satisfecho ni insatisfecho
Bucaramanga,2015,Poco seguro,Algo insatisfecho
Bucaramanga,2015,Algo seguro,Ni satisfecho ni insatisfecho
Bucaramanga,2015,Algo seguro,Muy insatisfecho
Bucaramanga,2015,Nada seguro,Algo satisfecho
Bucaramanga,2015,Nada seguro,Muy insatisfecho
Bucaramanga,2015,Poco seguro,Ni satisfecho ni insatisfecho
Bucaramanga,2015,Algo seguro,Muy insatisfecho
Bucaramanga,2015,Seguro,Algo satisfecho
Bucaramanga,2015,Algo seguro,Muy insatisfecho
Bucaramanga,2015,Algo seguro,Muy insatisfecho
Bucaramanga,2015,Nada seguro,Algo satisfecho
Bucaramanga,2015,Nada seguro,Algo insatisfecho
Bucaramanga,2015,Muy seguro,Ni satisfecho ni insatisfecho
Bucaramanga,2015,Algo seguro,Muy insatisfecho
Bucaramanga,2015,Nada seguro,Algo satisfecho
Bucaramanga,2015,Nada seguro,Muy insatisfecho
Bucaramanga,2015,Algo seguro,Ni satisfecho ni insatisfecho
Bucaramanga,2015,Poco seguro,Muy insatisfecho
Bucaramanga,2015,Muy seguro,Algo satisfecho
Bucaramanga,2015,Poco seguro,Muy insatisfecho
Bucaramanga,2015,Nada seguro,Ni satisfecho ni insatisfecho
Bucaramanga,2015,Poco seguro,Muy insatisfecho
Bucaramanga,2015,Poco seguro,Ni satisfecho ni insatisfecho
Bucaramanga,2015,Nada seguro,Muy insatisfecho
Bucaramanga,2015,Muy seguro,Muy insatisfecho
Bucaramanga,2015,Seguro,Algo insatisfecho
Bucaramanga,2015,Algo seguro,Algo satisfecho
Bucaramanga,2015,Poco seguro,Algo satisfecho
Bucaramanga,2015,Seguro,Ni satisfecho ni insatisfecho
Bucaramanga,2015,Algo seguro,Ni satisfecho ni insatisfecho
Bucaramanga,2015,Algo seguro,Ni satisfecho ni insatisfecho
Bucaramanga,2015,Nada seguro,Ni satisfecho ni insatisfecho
Bucaramanga,2015,Muy seguro,Ni satisfecho ni insatisfecho
Bucaramanga,2015,Seguro,Algo satisfecho
Bucaramanga,2015,Muy seguro,Muy insatisfecho
Bucaramanga,2015,Seguro,Algo insatisfecho
Bucaramanga,2015,Muy seguro,Algo satisfecho
Bucaramanga,2015,Seguro,Algo satisfecho
Bucaramanga,2015,Seguro,Algo insatisfecho
Bucaramanga,2015,Muy seguro,Muy insatisfecho
Bucaramanga,2015,Seguro,Ni satisfecho ni insatisfecho
Bucaramanga,2015,Poco seguro,Algo insatisfecho
Bucaramanga,2015,Poco seguro,Algo insatisfecho
Bucaramanga,2015,Poco seguro,Algo insatisfecho
Bucaramanga,2015,Seguro,Muy insatisfecho
Bucaramanga,2015,Poco seguro,Algo satisfecho
Bucaramanga,2015,Algo seguro,Muy insatisfecho
Bucaramanga,2015,Poco seguro,Algo insatisfecho
Bucaramanga,2015,Poco seguro,Muy insatisfecho
Bucaramanga,2015,Seguro,Muy satisfecho
Bucaramanga,2015,Algo seguro,Algo insatisfecho
Bucaramanga,2015,Seguro,Algo insatisfecho
Bucaramanga,2015,Algo seguro,Muy insatisfecho
Bucaramanga,2015,Muy seguro,Ni satisfecho ni insatisfecho
Bucaramanga,2015,Muy seguro,Ni satisfecho ni insatisfecho
Bucaramanga,2015,Algo seguro,Ni satisfecho ni insatisfecho
Bucaramanga,2015,Algo seguro,Ni satisfecho ni insatisfecho
Bucaramanga,2015,Poco seguro,Muy insatisfecho
Bucaramanga,2015,Seguro,Algo satisfecho
Bucaramanga,2015,Poco seguro,Algo insatisfecho
Bucaramanga,2015,Algo seguro,Muy insatisfecho
Bucaramanga,2015,Poco seguro,Algo satisfecho
Bucaramanga,2015,Seguro,Muy insatisfecho
Bucaramanga,2015,Seguro,Muy insatisfecho
Bucaramanga,2015,Algo seguro,Muy insatisfecho
Bucaramanga,2015,Algo seguro,Muy insatisfecho
Bucaramanga,2015,Poco seguro,Ni satisfecho ni insatisfecho
Bucaramanga,2015,Poco seguro,Algo satisfecho
Bucaramanga,2015,Algo seguro,Ni satisfecho ni insatisfecho
Bucaramanga,2015,Seguro,Algo insatisfecho
Bucaramanga,2015,Algo seguro,Algo satisfecho
Bucaramanga,2015,Algo seguro,Algo satisfecho
Bucaramanga,2015,Seguro,Algo satisfecho
Bucaramanga,2015,Poco seguro,Ni satisfecho ni insatisfecho
Bucaramanga,2015,Poco seguro,Ni satisfecho ni insatisfecho
Bucaramanga,2015,Algo seguro,Algo satisfecho
Bucaramanga,2015,Seguro,Ni satisfecho ni insatisfecho
Bucaramanga,2015,Algo seguro,Algo insatisfecho
Bucaramanga,2015,Seguro,Muy insatisfecho
Bucaramanga,2015,Seguro,Algo satisfecho
Bucaramanga,2015,Muy seguro,Muy insatisfecho
Bucaramanga,2015,Algo seguro,Ni satisfecho ni insatisfecho
Bucaramanga,2015,Algo seguro,Ni satisfecho ni insatisfecho
Bucaramanga,2015,Algo seguro,Algo insatisfecho
Bucaramanga,2015,Algo seguro,Muy insatisfecho
Bucaramanga,2015,Poco seguro,Algo insatisfecho
Bucaramanga,2015,Algo seguro,Muy insatisfecho
Bucaramanga,2015,Muy seguro,Algo satisfecho
Bucaramanga,2015,Poco seguro,Algo satisfecho
Bucaramanga,2015,Algo seguro,Ni satisfecho ni insatisfecho
Bucaramanga,2015,Poco seguro,Ni satisfecho ni insatisfecho
Bucaramanga,2015,Nada seguro,Algo insatisfecho
Bucaramanga,2015,Muy seguro,Algo insatisfecho
Bucaramanga,2015,Seguro,Ni satisfecho ni insatisfecho
Bucaramanga,2015,Algo seguro,Ni satisfecho ni insatisfecho
Bucaramanga,2015,Nada seguro,Muy insatisfecho
Bucaramanga,2015,Poco seguro,Ni satisfecho ni insatisfecho
Bucaramanga,2015,Seguro,Ni satisfecho ni insatisfecho
Bucaramanga,2015,Nada seguro,Ni satisfecho ni insatisfecho
Bucaramanga,2015,Seguro,Algo satisfecho
Bucaramanga,2015,Algo seguro,Algo satisfecho
Bucaramanga,2015,Nada seguro,Ni satisfecho ni insatisfecho
Bucaramanga,2015,Seguro,Algo satisfecho
Bucaramanga,2015,Poco seguro,Ni satisfecho ni insatisfecho
Bucaramanga,2015,Poco seguro,Algo satisfecho
Bucaramanga,2015,Seguro,Ni satisfecho ni insatisfecho
Bucaramanga,2015,Muy seguro,Muy insatisfecho
Bucaramanga,2015,Muy seguro,Algo insatisfecho
Bucaramanga,2015,Poco seguro,Muy insatisfecho
Bucaramanga,2015,Seguro,Algo satisfecho
Bucaramanga,2015,Seguro,Muy insatisfecho
Bucaramanga,2015,Algo seguro,Ni satisfecho ni insatisfecho
Bucaramanga,2015,Poco seguro,Muy insatisfecho
Bucaramanga,2015,Algo seguro,Muy insatisfecho
Bucaramanga,2015,Seguro,Algo satisfecho
Bucaramanga,2015,Seguro,Ni satisfecho ni insatisfecho
Bucaramanga,2015,Muy seguro,Ni satisfecho ni insatisfecho
Bucaramanga,2015,Seguro,Ni satisfecho ni insatisfecho
Bucaramanga,2015,Seguro,Ni satisfecho ni insatisfecho
Bucaramanga,2015,Seguro,Algo insatisfecho
Bucaramanga,2015,Poco seguro,Algo satisfecho
Bucaramanga,2015,Seguro,Muy satisfecho
Bucaramanga,2015,Algo seguro,Ni satisfecho ni insatisfecho
Bucaramanga,2015,Poco seguro,Algo satisfecho
Bucaramanga,2015,Muy seguro,Ni satisfecho ni insatisfecho
Bucaramanga,2015,Poco seguro,Ni satisfecho ni insatisfecho
Bucaramanga,2015,Muy seguro,Ni satisfecho ni insatisfecho
Bucaramanga,2015,Algo seguro,Muy insatisfecho
Bucaramanga,2015,Algo seguro,Muy insatisfecho
Bucaramanga,2015,Algo seguro,Algo insatisfecho
Bucaramanga,2015,Algo seguro,Ni satisfecho ni insatisfecho
Bucaramanga,2015,Nada seguro,Muy insatisfecho
Bucaramanga,2015,Algo seguro,Algo insatisfecho
Bucaramanga,2015,Seguro,Algo insatisfecho
Bucaramanga,2015,Nada seguro,Muy satisfecho
Bucaramanga,2015,Algo seguro,Algo insatisfecho
Bucaramanga,2015,Seguro,Muy insatisfecho
Bucaramanga,2015,Poco seguro,Muy insatisfecho
Bucaramanga,2015,Seguro,Muy insatisfecho
Bucaramanga,2015,Algo seguro,Algo satisfecho
Bucaramanga,2015,Algo seguro,Muy insatisfecho
Bucaramanga,2015,Poco seguro,Algo satisfecho
Bucaramanga,2015,Algo seguro,Muy insatisfecho
Bucaramanga,2015,Poco seguro,Algo insatisfecho
Bucaramanga,2015,Algo seguro,Muy insatisfecho
Bucaramanga,2015,Algo seguro,Algo insatisfecho
Bucaramanga,2015,Poco seguro,Ni satisfecho ni insatisfecho
Bucaramanga,2015,Algo seguro,Algo satisfecho
Bucaramanga,2015,Seguro,Algo insatisfecho
Bucaramanga,2015,Poco seguro,Ni satisfecho ni insatisfecho
Bucaramanga,2015,Muy seguro,Algo insatisfecho
Bucaramanga,2015,Algo seguro,Muy satisfecho
Bucaramanga,2015,Poco seguro,Muy insatisfecho
Bucaramanga,2015,Nada seguro,Algo satisfecho
Bucaramanga,2015,Seguro,Algo insatisfecho
Bucaramanga,2015,Muy seguro,Ni satisfecho ni insatisfecho
Bucaramanga,2015,Seguro,Algo insatisfecho
Bucaramanga,2015,Muy seguro,Muy insatisfecho
Bucaramanga,2015,Seguro,Muy insatisfecho
Bucaramanga,2015,Seguro,Muy insatisfecho
Bucaramanga,2015,Seguro,Algo insatisfecho
Bucaramanga,2015,Poco seguro,Algo insatisfecho
Bucaramanga,2015,Seguro,Muy insatisfecho
Bucaramanga,2015,Poco seguro,Ni satisfecho ni insatisfecho
Bucaramanga,2015,Seguro,Algo insatisfecho
Bucaramanga,2015,Seguro,Algo insatisfecho
Bucaramanga,2015,Muy seguro,Ni satisfecho ni insatisfecho
Bucaramanga,2015,Algo seguro,Muy insatisfecho
Bucaramanga,2015,Poco seguro,Algo insatisfecho
Bucaramanga,2015,Poco seguro,Algo insatisfecho
Bucaramanga,2015,Seguro,Algo insatisfecho
Bucaramanga,2015,Seguro,Muy insatisfecho
Bucaramanga,2015,Seguro,Muy satisfecho
Bucaramanga,2015,Muy seguro,Muy insatisfecho
Bucaramanga,2015,Algo seguro,Muy insatisfecho
Bucaramanga,2015,Seguro,Muy insatisfecho
Bucaramanga,2015,Poco seguro,Algo insatisfecho
Bucaramanga,2015,Algo seguro,Muy insatisfecho
Bucaramanga,2015,Seguro,Muy insatisfecho
Bucaramanga,2015,Algo seguro,Ni satisfecho ni insatisfecho
Bucaramanga,2015,Algo seguro,Algo satisfecho
Bucaramanga,2015,Algo seguro,Ni satisfecho ni insatisfecho
Bucaramanga,2015,Algo seguro,Algo insatisfecho
Bucaramanga,2015,Algo seguro,Algo insatisfecho
Bucaramanga,2015,Poco seguro,Ni satisfecho ni insatisfecho
Bucaramanga,2015,Poco seguro,Muy insatisfecho
Bucaramanga,2015,Muy seguro,Algo insatisfecho
Bucaramanga,2015,Poco seguro,Muy insatisfecho
Bucaramanga,2015,Seguro,Muy insatisfecho
Bucaramanga,2015,Seguro,Ni satisfecho ni insatisfecho
Bucaramanga,2015,Seguro,Muy insatisfecho
Bucaramanga,2015,Algo seguro,Muy insatisfecho
Bucaramanga,2015,Algo seguro,Muy satisfecho
Bucaramanga,2015,Algo seguro,Algo insatisfecho
Bucaramanga,2015,Muy seguro,Algo satisfecho
Bucaramanga,2015,Nada seguro,Muy insatisfecho
Bucaramanga,2015,Algo seguro,Algo satisfecho
Bucaramanga,2015,Algo seguro,Muy satisfecho
Bucaramanga,2015,Nada seguro,Ni satisfecho ni insatisfecho
Bucaramanga,2015,Algo seguro,Ni satisfecho ni insatisfecho
Bucaramanga,2015,Algo seguro,Ni satisfecho ni insatisfecho
Bucaramanga,2015,Seguro,Algo satisfecho
Bucaramanga,2015,Poco seguro,Ni satisfecho ni insatisfecho
Bucaramanga,2015,Algo seguro,Algo satisfecho
Bucaramanga,2015,Poco seguro,Ni satisfecho ni insatisfecho
Bucaramanga,2015,Algo seguro,Algo insatisfecho
Bucaramanga,2015,Seguro,Algo insatisfecho
Bucaramanga,2015,Algo seguro,Muy insatisfecho
Bucaramanga,2015,Seguro,Muy insatisfecho
Bucaramanga,2015,Seguro,Algo insatisfecho
Bucaramanga,2015,Algo seguro,Muy insatisfecho
Bucaramanga,2015,Algo seguro,Algo satisfecho
Bucaramanga,2015,Poco seguro,Algo insatisfecho
Bucaramanga,2015,Poco seguro,Algo satisfecho
Bucaramanga,2015,Poco seguro,Algo insatisfecho
Bucaramanga,2015,Seguro,Algo insatisfecho
Bucaramanga,2015,Seguro,Algo satisfecho
Bucaramanga,2015,Algo seguro,Muy insatisfecho
Bucaramanga,2015,Nada seguro,Algo satisfecho
Bucaramanga,2015,Poco seguro,Muy insatisfecho
Bucaramanga,2015,Algo seguro,Ni satisfecho ni insatisfecho
Bucaramanga,2015,Algo seguro,Algo insatisfecho
Bucaramanga,2015,Seguro,Algo insatisfecho
Bucaramanga,2015,Poco seguro,Ni satisfecho ni insatisfecho
Bucaramanga,2015,Seguro,Ni satisfecho ni insatisfecho
Bucaramanga,2015,Seguro,Muy insatisfecho
Bucaramanga,2015,Algo seguro,Muy insatisfecho
Bucaramanga,2015,Algo seguro,Ni satisfecho ni insatisfecho
Bucaramanga,2015,Poco seguro,Algo satisfecho
Bucaramanga,2015,Algo seguro,Muy insatisfecho
Bucaramanga,2015,Seguro,Algo insatisfecho
Bucaramanga,2015,Seguro,Muy insatisfecho
Bucaramanga,2015,Poco seguro,Algo insatisfecho
Bucaramanga,2015,Seguro,Algo insatisfecho
Bucaramanga,2015,Seguro,Ni satisfecho ni insatisfecho
Bucaramanga,2015,Nada seguro,Algo insatisfecho
Bucaramanga,2015,Poco seguro,Muy insatisfecho
Bucaramanga,2015,Poco seguro,Algo insatisfecho
Bucaramanga,2015,Seguro,Algo satisfecho
Bucaramanga,2015,Algo seguro,Ni satisfecho ni insatisfecho
Bucaramanga,2015,Algo seguro,Algo insatisfecho
Bucaramanga,2015,Seguro,Algo insatisfecho
Bucaramanga,2015,Poco seguro,Muy insatisfecho
Bucaramanga,2015,Nada seguro,Muy insatisfecho
Bucaramanga,2015,Algo seguro,Muy insatisfecho
Bucaramanga,2015,Poco seguro,Muy insatisfecho
Bucaramanga,2015,Algo seguro,Algo satisfecho
Bucaramanga,2015,Poco seguro,Algo satisfecho
Bucaramanga,2015,Poco seguro,Ni satisfecho ni insatisfecho
Bucaramanga,2015,Seguro,Ni satisfecho ni insatisfecho
Bucaramanga,2015,Poco seguro,Ni satisfecho ni insatisfecho
Bucaramanga,2015,Algo seguro,Algo insatisfecho
Bucaramanga,2015,Poco seguro,Algo insatisfecho
Bucaramanga,2015,Nada seguro,Algo insatisfecho
Bucaramanga,2015,Muy seguro,Algo satisfecho
Bucaramanga,2015,Poco seguro,Ni satisfecho ni insatisfecho
Bucaramanga,2015,Poco seguro,Ni satisfecho ni insatisfecho
Bucaramanga,2015,Algo seguro,Muy insatisfecho
Bucaramanga,2015,Algo seguro,Ni satisfecho ni insatisfecho
Bucaramanga,2015,Algo seguro,Ni satisfecho ni insatisfecho
Bucaramanga,2015,Seguro,Ni satisfecho ni insatisfecho
Bucaramanga,2015,Seguro,Algo satisfecho
Bucaramanga,2015,Poco seguro,Muy insatisfecho
Bucaramanga,2015,Seguro,Muy insatisfecho
Bucaramanga,2015,Algo seguro,Algo satisfecho
Bucaramanga,2015,Seguro,Muy satisfecho
Bucaramanga,2015,Seguro,Algo satisfecho
Bucaramanga,2015,Seguro,Ni satisfecho ni insatisfecho
Bucaramanga,2015,Seguro,Ni satisfecho ni insatisfecho
Bucaramanga,2015,Poco seguro,Ni satisfecho ni insatisfecho
Bucaramanga,2015,Algo seguro,Muy satisfecho
Bucaramanga,2015,Muy seguro,Algo insatisfecho
Bucaramanga,2015,Nada seguro,Algo insatisfecho
Bucaramanga,2015,Seguro,Algo satisfecho
Bucaramanga,2015,Algo seguro,Algo insatisfecho
Bucaramanga,2015,Seguro,Muy insatisfecho
Bucaramanga,2015,Poco seguro,Algo satisfecho
Bucaramanga,2015,Seguro,Algo satisfecho
Bucaramanga,2015,Seguro,Algo satisfecho
Bucaramanga,2015,Algo seguro,Algo satisfecho
Bucaramanga,2015,Seguro,Muy satisfecho
Bucaramanga,2015,Algo seguro,Ni satisfecho ni insatisfecho
Bucaramanga,2015,Algo seguro,Algo insatisfecho
Bucaramanga,2015,Algo seguro,Ni satisfecho ni insatisfecho
Bucaramanga,2015,Poco seguro,Algo satisfecho
Bucaramanga,2015,Poco seguro,Ni satisfecho ni insatisfecho
Bucaramanga,2015,Seguro,Muy insatisfecho
Bucaramanga,2015,Algo seguro,Muy insatisfecho
Bucaramanga,2015,Algo seguro,Muy insatisfecho
Bucaramanga,2015,Algo seguro,Muy insatisfecho
Bucaramanga,2015,Algo seguro,Ni satisfecho ni insatisfecho
Bucaramanga,2015,Algo seguro,Muy insatisfecho
Bucaramanga,2015,Algo seguro,Ni satisfecho ni insatisfecho
Bucaramanga,2015,Algo seguro,Algo insatisfecho
Bucaramanga,2015,Seguro,Algo insatisfecho
Bucaramanga,2015,Algo seguro,Muy insatisfecho
Bucaramanga,2015,Poco seguro,Algo insatisfecho
Bucaramanga,2015,Nada seguro,Algo insatisfecho
Bucaramanga,2015,Algo seguro,Ni satisfecho ni insatisfecho
Bucaramanga,2015,Poco seguro,Muy insatisfecho
Bucaramanga,2015,Seguro,Algo insatisfecho
Bucaramanga,2015,Seguro,Algo insatisfecho
Bucaramanga,2015,Algo seguro,Algo insatisfecho
Bucaramanga,2015,Nada seguro,Algo satisfecho
Bucaramanga,2015,Seguro,Algo satisfecho
Bucaramanga,2015,Algo seguro,Muy satisfecho
Bucaramanga,2015,Poco seguro,Muy insatisfecho
Bucaramanga,2015,Seguro,Algo insatisfecho
Bucaramanga,2015,Algo seguro,Ni satisfecho ni insatisfecho
Bucaramanga,2015,Algo seguro,Ni satisfecho ni insatisfecho
Bucaramanga,2015,Seguro,Ni satisfecho ni insatisfecho
Bucaramanga,2015,Muy seguro,Ni satisfecho ni insatisfecho
Bucaramanga,2015,Algo seguro,Algo satisfecho
Bucaramanga,2015,Nada seguro,Ni satisfecho ni insatisfecho
Bucaramanga,2015,Muy seguro,Algo satisfecho
Bucaramanga,2015,Seguro,Algo satisfecho
Bucaramanga,2015,Poco seguro,Muy satisfecho
Bucaramanga,2015,Seguro,Muy insatisfecho
Bucaramanga,2015,Poco seguro,Ni satisfecho ni insatisfecho
Bucaramanga,2015,Algo seguro,Algo satisfecho
Bucaramanga,2015,Algo seguro,Ni satisfecho ni insatisfecho
Bucaramanga,2015,Algo seguro,Ni satisfecho ni insatisfecho
Bucaramanga,2015,Seguro,Ni satisfecho ni insatisfecho
Bucaramanga,2015,Seguro,Ni satisfecho ni insatisfecho
Bucaramanga,2015,Seguro,Ni satisfecho ni insatisfecho
Bucaramanga,2015,Seguro,Ni satisfecho ni insatisfecho
Bucaramanga,2015,Muy seguro,Algo insatisfecho
Bucaramanga,2015,Algo seguro,Muy insatisfecho
Bucaramanga,2015,Seguro,Algo satisfecho
Bucaramanga,2015,Algo seguro,Muy insatisfecho
Bucaramanga,2015,Seguro,Algo satisfecho
Bucaramanga,2015,Poco seguro,Algo satisfecho
Bucaramanga,2015,Algo seguro,Ni satisfecho ni insatisfecho
Bucaramanga,2015,Algo seguro,Muy insatisfecho
Bucaramanga,2015,Muy seguro,Algo insatisfecho
Bucaramanga,2015,Algo seguro,Ni satisfecho ni insatisfecho
Bucaramanga,2015,Poco seguro,Muy insatisfecho
Bucaramanga,2015,Seguro,Ni satisfecho ni insatisfecho
Bucaramanga,2015,Poco seguro,Muy insatisfecho
Bucaramanga,2015,Poco seguro,Muy insatisfecho
Bucaramanga,2015,Poco seguro,Muy insatisfecho
Bucaramanga,2015,Seguro,Algo insatisfecho
Bucaramanga,2015,Poco seguro,Algo insatisfecho
Bucaramanga,2015,Seguro,Ni satisfecho ni insatisfecho
Bucaramanga,2015,Seguro,Muy insatisfecho
Bucaramanga,2015,Poco seguro,Ni satisfecho ni insatisfecho
Bucaramanga,2015,Poco seguro,Algo insatisfecho
Bucaramanga,2015,Algo seguro,Ni satisfecho ni insatisfecho
Bucaramanga,2015,Seguro,Algo satisfecho
Bucaramanga,2015,Algo seguro,Muy insatisfecho
Bucaramanga,2015,Nada seguro,Algo satisfecho
Bucaramanga,2015,Poco seguro,Ni satisfecho ni insatisfecho
Bucaramanga,2015,Seguro,Algo insatisfecho
Bucaramanga,2015,Algo seguro,Algo satisfecho
Bucaramanga,2015,Algo seguro,Algo satisfecho
Bucaramanga,2015,Poco seguro,Algo satisfecho
Bucaramanga,2015,Muy seguro,Ni satisfecho ni insatisfecho
Bucaramanga,2015,Poco seguro,Algo satisfecho
Bucaramanga,2015,Nada seguro,Ni satisfecho ni insatisfecho
Bucaramanga,2015,Algo seguro,Ni satisfecho ni insatisfecho
Bucaramanga,2015,Muy seguro,Ni satisfecho ni insatisfecho
Bucaramanga,2015,Algo seguro,Ni satisfecho ni insatisfecho
Bucaramanga,2015,Seguro,Ni satisfecho ni insatisfecho
Bucaramanga,2015,Algo seguro,Algo insatisfecho
Bucaramanga,2015,Algo seguro,Muy satisfecho
Bucaramanga,2015,Seguro,Algo satisfecho
Bucaramanga,2015,Poco seguro,Muy satisfecho
Bucaramanga,2015,Muy seguro,Algo insatisfecho
Bucaramanga,2015,Algo seguro,Ni satisfecho ni insatisfecho
Bucaramanga,2015,Seguro,Algo satisfecho
Bucaramanga,2015,Seguro,Algo insatisfecho
Bucaramanga,2015,Algo seguro,Ni satisfecho ni insatisfecho
Bucaramanga,2015,Seguro,Algo satisfecho
Bucaramanga,2015,Muy seguro,Muy satisfecho
Bucaramanga,2015,Seguro,Algo satisfecho
Bucaramanga,2015,Muy seguro,Ni satisfecho ni insatisfecho
Bucaramanga,2015,Algo seguro,Algo satisfecho
Bucaramanga,2015,Algo seguro,Ni satisfecho ni insatisfecho
Bucaramanga,2015,Algo seguro,Ni satisfecho ni insatisfecho
Bucaramanga,2015,Seguro,Ni satisfecho ni insatisfecho
Bucaramanga,2015,Poco seguro,Ni satisfecho ni insatisfecho
Bucaramanga,2015,Poco seguro,Muy insatisfecho
Bucaramanga,2015,Algo seguro,Algo satisfecho
Bucaramanga,2015,Poco seguro,Ni satisfecho ni insatisfecho
Bucaramanga,2015,Poco seguro,Ni satisfecho ni insatisfecho
Bucaramanga,2015,Nada seguro,Muy satisfecho
Bucaramanga,2015,Algo seguro,Algo satisfecho
Bucaramanga,2015,Algo seguro,Algo satisfecho
Bucaramanga,2015,Algo seguro,Algo insatisfecho
Bucaramanga,2015,Algo seguro,Muy satisfecho
Bucaramanga,2015,Algo seguro,Algo satisfecho
Bucaramanga,2015,Nada seguro,Algo satisfecho
Bucaramanga,2015,Muy seguro,Algo satisfecho
Bucaramanga,2015,Poco seguro,Muy insatisfecho
Bucaramanga,2015,Seguro,Muy insatisfecho
Bucaramanga,2015,Muy seguro,Muy insatisfecho
Bucaramanga,2015,Poco seguro,Algo satisfecho
Bucaramanga,2015,Algo seguro,Algo satisfecho
Bucaramanga,2015,Nada seguro,Algo satisfecho
Bucaramanga,2015,Poco seguro,Algo satisfecho
Bucaramanga,2015,Muy seguro,Algo satisfecho
Bucaramanga,2015,Algo seguro,Ni satisfecho ni insatisfecho
Bucaramanga,2015,Algo seguro,Muy insatisfecho
Bucaramanga,2015,Nada seguro,Algo satisfecho
Bucaramanga,2015,Poco seguro,Ni satisfecho ni insatisfecho
Bucaramanga,2015,Seguro,Algo satisfecho
Bucaramanga,2015,Nada seguro,Algo insatisfecho
Bucaramanga,2015,Muy seguro,Muy insatisfecho
Bucaramanga,2015,Algo seguro,Muy satisfecho
Bucaramanga,2015,Seguro,Muy insatisfecho
Bucaramanga,2015,Muy seguro,Algo satisfecho
Bucaramanga,2015,Seguro,Ni satisfecho ni insatisfecho
Bucaramanga,2015,Seguro,Muy insatisfecho
Bucaramanga,2015,Poco seguro,Algo satisfecho
Bucaramanga,2015,Seguro,Ni satisfecho ni insatisfecho
Bucaramanga,2015,Muy seguro,Muy insatisfecho
Bucaramanga,2015,Nada seguro,Muy insatisfecho
Bucaramanga,2015,Algo seguro,Ni satisfecho ni insatisfecho
Bucaramanga,2015,Muy seguro,Ni satisfecho ni insatisfecho
Bucaramanga,2015,Poco seguro,Muy insatisfecho
Bucaramanga,2015,Poco seguro,Ni satisfecho ni insatisfecho
Bucaramanga,2015,Algo seguro,Ni satisfecho ni insatisfecho
Bucaramanga,2015,Poco seguro,Algo insatisfecho
Bucaramanga,2015,Poco seguro,Algo insatisfecho
Bucaramanga,2015,Seguro,Ni satisfecho ni insatisfecho
Bucaramanga,2015,Poco seguro,Ni satisfecho ni insatisfecho
Bucaramanga,2015,Poco seguro,Ni satisfecho ni insatisfecho
Bucaramanga,2015,Seguro,Ni satisfecho ni insatisfecho
Bucaramanga,2015,Nada seguro,Algo satisfecho
Bucaramanga,2015,Algo seguro,Ni satisfecho ni insatisfecho
Bucaramanga,2015,Algo seguro,Algo insatisfecho
Bucaramanga,2015,Algo seguro,Algo insatisfecho
Bucaramanga,2015,Seguro,Ni satisfecho ni insatisfecho
Bucaramanga,2015,Algo seguro,Algo insatisfecho
Bucaramanga,2015,Algo seguro,Algo insatisfecho
Bucaramanga,2015,Muy seguro,Muy insatisfecho
Bucaramanga,2015,Seguro,Algo insatisfecho
Bucaramanga,2015,Seguro,Muy insatisfecho
Bucaramanga,2015,Algo seguro,Ni satisfecho ni insatisfecho
Bucaramanga,2015,Seguro,Algo satisfecho
Bucaramanga,2015,Poco seguro,Algo satisfecho
Bucaramanga,2015,Algo seguro,Ni satisfecho ni insatisfecho
Bucaramanga,2015,Poco seguro,Algo insatisfecho
Bucaramanga,2015,Seguro,Algo insatisfecho
Bucaramanga,2015,Algo seguro,Ni satisfecho ni insatisfecho
Bucaramanga,2015,Algo seguro,Ni satisfecho ni insatisfecho
Bucaramanga,2015,Algo seguro,Muy insatisfecho
Bucaramanga,2015,Nada seguro,Algo satisfecho
Bucaramanga,2015,Algo seguro,Algo insatisfecho
Bucaramanga,2015,Seguro,Algo insatisfecho
Bucaramanga,2015,Seguro,Algo insatisfecho
Bucaramanga,2015,Muy seguro,Ni satisfecho ni insatisfecho
Bucaramanga,2015,Algo seguro,Ni satisfecho ni insatisfecho
Bucaramanga,2015,Seguro,Algo satisfecho
Bucaramanga,2015,Muy seguro,Ni satisfecho ni insatisfecho
Bucaramanga,2015,Seguro,Ni satisfecho ni insatisfecho
Bucaramanga,2015,Muy seguro,Ni satisfecho ni insatisfecho
Bucaramanga,2015,Algo seguro,Ni satisfecho ni insatisfecho
Bucaramanga,2015,Poco seguro,Muy insatisfecho
Bucaramanga,2015,Algo seguro,Ni satisfecho ni insatisfecho
Bucaramanga,2015,Algo seguro,Algo satisfecho
Bucaramanga,2015,Algo seguro,Algo satisfecho
Bucaramanga,2015,Seguro,Ni satisfecho ni insatisfecho
Bucaramanga,2015,Poco seguro,Algo insatisfecho
Bucaramanga,2015,Nada seguro,Algo insatisfecho
Bucaramanga,2015,Poco seguro,Algo insatisfecho
Bucaramanga,2015,Seguro,Ni satisfecho ni insatisfecho
Bucaramanga,2015,Algo seguro,Algo insatisfecho
Bucaramanga,2015,Nada seguro,Algo satisfecho
Bucaramanga,2015,Muy seguro,Algo satisfecho
Bucaramanga,2015,Muy seguro,Algo satisfecho
Bucaramanga,2015,Poco seguro,Algo satisfecho
Bucaramanga,2015,Seguro,Algo insatisfecho
Bucaramanga,2015,Seguro,Algo satisfecho
Bucaramanga,2015,Algo seguro,Algo satisfecho
Bucaramanga,2015,Algo seguro,Ni satisfecho ni insatisfecho
Bucaramanga,2015,Algo seguro,Muy satisfecho
Bucaramanga,2015,Algo seguro,Ni satisfecho ni insatisfecho
Bucaramanga,2015,Algo seguro,Muy insatisfecho
Bucaramanga,2015,Muy seguro,Algo satisfecho
Bucaramanga,2015,Algo seguro,Ni satisfecho ni insatisfecho
Bucaramanga,2015,Algo seguro,Ni satisfecho ni insatisfecho
Bucaramanga,2015,Algo seguro,Algo satisfecho
Bucaramanga,2015,Algo seguro,Ni satisfecho ni insatisfecho
Bucaramanga,2015,Seguro,Ni satisfecho ni insatisfecho
Bucaramanga,2015,Seguro,Algo satisfecho
Bucaramanga,2015,Seguro,Algo satisfecho
Bucaramanga,2015,Poco seguro,Ni satisfecho ni insatisfecho
Bucaramanga,2015,Poco seguro,Algo insatisfecho
Bucaramanga,2015,Seguro,Ni satisfecho ni insatisfecho
Bucaramanga,2015,Muy seguro,Ni satisfecho ni insatisfecho
Bucaramanga,2015,Seguro,Algo insatisfecho
Bucaramanga,2015,Seguro,Algo insatisfecho
Bucaramanga,2015,Algo seguro,Algo insatisfecho
Bucaramanga,2015,Poco seguro,Muy insatisfecho
Bucaramanga,2015,Seguro,Muy insatisfecho
Bucaramanga,2015,Seguro,Muy insatisfecho
Bucaramanga,2015,Seguro,Algo insatisfecho
Bucaramanga,2015,Algo seguro,Muy insatisfecho
Bucaramanga,2015,Seguro,Muy satisfecho
Bucaramanga,2015,Poco seguro,Muy insatisfecho
Bucaramanga,2015,Poco seguro,Muy insatisfecho
Bucaramanga,2015,Algo seguro,Algo insatisfecho
Bucaramanga,2015,Poco seguro,Muy insatisfecho
Bucaramanga,2015,Poco seguro,Ni satisfecho ni insatisfecho
Bucaramanga,2015,Nada seguro,Algo insatisfecho
Bucaramanga,2015,Algo seguro,Algo satisfecho
Bucaramanga,2015,Muy seguro,Muy insatisfecho
Bucaramanga,2015,Seguro,Algo satisfecho
Bucaramanga,2015,Nada seguro,Algo satisfecho
Bucaramanga,2015,Algo seguro,Algo satisfecho
Bucaramanga,2015,Nada seguro,Muy insatisfecho
Bucaramanga,2015,Algo seguro,Ni satisfecho ni insatisfecho
Bucaramanga,2015,Nada seguro,Muy insatisfecho
Bucaramanga,2015,Poco seguro,Muy insatisfecho
Bucaramanga,2015,Algo seguro,Ni satisfecho ni insatisfecho
Bucaramanga,2015,Poco seguro,Muy insatisfecho
Bucaramanga,2015,Poco seguro,Muy insatisfecho
Bucaramanga,2015,Muy seguro,Muy insatisfecho
Bucaramanga,2015,Algo seguro,Muy insatisfecho
Bucaramanga,2015,Seguro,Algo satisfecho
Bucaramanga,2015,Algo seguro,Ni satisfecho ni insatisfecho
Bucaramanga,2015,Algo seguro,Algo satisfecho
Bucaramanga,2015,Muy seguro,Algo satisfecho
Bucaramanga,2015,Algo seguro,Ni satisfecho ni insatisfecho
Bucaramanga,2015,Nada seguro,Algo satisfecho
Bucaramanga,2015,Nada seguro,Ni satisfecho ni insatisfecho
Bucaramanga,2015,Seguro,Ni satisfecho ni insatisfecho
Bucaramanga,2015,Nada seguro,Muy insatisfecho
Bucaramanga,2015,Algo seguro,Algo insatisfecho
Bucaramanga,2015,Algo seguro,Ni satisfecho ni insatisfecho
Bucaramanga,2015,Algo seguro,Algo insatisfecho
Bucaramanga,2015,Algo seguro,Algo satisfecho
Bucaramanga,2015,Muy seguro,Ni satisfecho ni insatisfecho
Bucaramanga,2015,Muy seguro,Algo insatisfecho
Bucaramanga,2015,Algo seguro,Muy insatisfecho
Bucaramanga,2015,Seguro,Muy insatisfecho
Bucaramanga,2015,Muy seguro,Muy insatisfecho
Bucaramanga,2015,Muy seguro,Muy insatisfecho
Bucaramanga,2015,Muy seguro,Algo satisfecho
Bucaramanga,2015,Algo seguro,Muy insatisfecho
Bucaramanga,2015,Poco seguro,Muy insatisfecho
Bucaramanga,2015,Nada seguro,Muy insatisfecho
Bucaramanga,2015,Seguro,Algo insatisfecho
Bucaramanga,2015,Nada seguro,Algo insatisfecho
Bucaramanga,2015,Seguro,Ni satisfecho ni insatisfecho
Bucaramanga,2015,Muy seguro,Algo insatisfecho
Bucaramanga,2015,Algo seguro,Algo insatisfecho
Bucaramanga,2015,Seguro,Ni satisfecho ni insatisfecho
Bucaramanga,2015,Algo seguro,Algo insatisfecho
Bucaramanga,2015,Seguro,Muy insatisfecho
Bucaramanga,2015,Seguro,Algo insatisfecho
Bucaramanga,2015,Poco seguro,Ni satisfecho ni insatisfecho
Bucaramanga,2015,Seguro,Ni satisfecho ni insatisfecho
Bucaramanga,2015,Algo seguro,Muy insatisfecho
Bucaramanga,2015,Algo seguro,Algo satisfecho
Bucaramanga,2015,Seguro,Algo insatisfecho
Bucaramanga,2015,Algo seguro,Algo insatisfecho
Bucaramanga,2015,Poco seguro,Ni satisfecho ni insatisfecho
Bucaramanga,2015,Seguro,Ni satisfecho ni insatisfecho
Bucaramanga,2015,Algo seguro,Muy insatisfecho
Bucaramanga,2015,Poco seguro,Muy satisfecho
Bucaramanga,2015,Seguro,Algo insatisfecho
Bucaramanga,2015,Algo seguro,Algo satisfecho
Bucaramanga,2015,Seguro,Algo satisfecho
Bucaramanga,2015,Poco seguro,Muy insatisfecho
Bucaramanga,2015,Algo seguro,Muy insatisfecho
Bucaramanga,2015,Algo seguro,Algo insatisfecho
Bucaramanga,2015,Muy seguro,Muy insatisfecho
Bucaramanga,2015,Poco seguro,Algo satisfecho
Bucaramanga,2015,Algo seguro,Ni satisfecho ni insatisfecho
Bucaramanga,2015,Algo seguro,Ni satisfecho ni insatisfecho
Bucaramanga,2015,Algo seguro,Ni satisfecho ni insatisfecho
Bucaramanga,2015,Nada seguro,Muy insatisfecho
Bucaramanga,2015,Nada seguro,Ni satisfecho ni insatisfecho
Bucaramanga,2015,Algo seguro,Algo insatisfecho
Bucaramanga,2015,Seguro,Algo satisfecho
Bucaramanga,2015,Algo seguro,Algo insatisfecho
Bucaramanga,2015,Muy seguro,Algo satisfecho
Bucaramanga,2015,Seguro,Muy insatisfecho
Bucaramanga,2015,Seguro,Ni satisfecho ni insatisfecho
Bucaramanga,2015,Algo seguro,Muy insatisfecho
Bucaramanga,2015,Seguro,Algo insatisfecho
Bucaramanga,2015,Muy seguro,Algo satisfecho
Bucaramanga,2015,Algo seguro,Ni satisfecho ni insatisfecho
Bucaramanga,2015,Algo seguro,Ni satisfecho ni insatisfecho
Bucaramanga,2015,Algo seguro,Algo insatisfecho
Bucaramanga,2015,Seguro,Ni satisfecho ni insatisfecho
Bucaramanga,2015,Seguro,Ni satisfecho ni insatisfecho
Bucaramanga,2015,Algo seguro,Algo insatisfecho
Bucaramanga,2015,Algo seguro,Muy insatisfecho
Bucaramanga,2015,Seguro,Ni satisfecho ni insatisfecho
Bucaramanga,2015,Muy seguro,Muy insatisfecho
Bucaramanga,2015,Algo seguro,Muy insatisfecho
Bucaramanga,2015,Poco seguro,Ni satisfecho ni insatisfecho
Bucaramanga,2015,Algo seguro,Algo insatisfecho
Bucaramanga,2015,Algo seguro,Ni satisfecho ni insatisfecho
Bucaramanga,2015,Poco seguro,Ni satisfecho ni insatisfecho
Bucaramanga,2015,Seguro,Ni satisfecho ni insatisfecho
Bucaramanga,2015,Nada seguro,Muy insatisfecho
Bucaramanga,2015,Algo seguro,Muy insatisfecho
Bucaramanga,2015,Algo seguro,Algo satisfecho
Bucaramanga,2015,Nada seguro,Algo satisfecho
Bucaramanga,2015,Seguro,Ni satisfecho ni insatisfecho
Bucaramanga,2015,Seguro,Algo satisfecho
Bucaramanga,2015,Poco seguro,Ni satisfecho ni insatisfecho
Bucaramanga,2015,Seguro,Algo satisfecho
Bucaramanga,2015,Seguro,Algo insatisfecho
Bucaramanga,2015,Seguro,Algo satisfecho
Bucaramanga,2015,Muy seguro,Ni satisfecho ni insatisfecho
Bucaramanga,2015,Seguro,Algo satisfecho
Bucaramanga,2015,Muy seguro,Algo satisfecho
Bucaramanga,2015,Algo seguro,Ni satisfecho ni insatisfecho
Bucaramanga,2015,Algo seguro,Algo satisfecho
Bucaramanga,2015,Algo seguro,Algo insatisfecho
Bucaramanga,2015,Muy seguro,Muy satisfecho
Bucaramanga,2015,Seguro,Algo satisfecho
Bucaramanga,2015,Poco seguro,Ni satisfecho ni insatisfecho
Bucaramanga,2015,Seguro,Ni satisfecho ni insatisfecho
Bucaramanga,2015,Algo seguro,Ni satisfecho ni insatisfecho
Bucaramanga,2015,Muy seguro,Ni satisfecho ni insatisfecho
Bucaramanga,2015,Algo seguro,Ni satisfecho ni insatisfecho
Bucaramanga,2015,Seguro,Algo insatisfecho
Bucaramanga,2015,Seguro,Ni satisfecho ni insatisfecho
Bucaramanga,2015,Seguro,Ni satisfecho ni insatisfecho
Bucaramanga,2015,Algo seguro,Ni satisfecho ni insatisfecho
Bucaramanga,2015,Poco seguro,Ni satisfecho ni insatisfecho
Bucaramanga,2015,Seguro,Ni satisfecho ni insatisfecho
Bucaramanga,2015,Muy seguro,Algo insatisfecho
Bucaramanga,2015,Seguro,Ni satisfecho ni insatisfecho
Bucaramanga,2015,Seguro,Muy satisfecho
Bucaramanga,2015,Poco seguro,Algo satisfecho
Bucaramanga,2015,Algo seguro,Ni satisfecho ni insatisfecho
Bucaramanga,2015,Seguro,Ni satisfecho ni insatisfecho
Bucaramanga,2015,Algo seguro,Ni satisfecho ni insatisfecho
Bucaramanga,2015,Algo seguro,Algo insatisfecho
Bucaramanga,2015,Seguro,Ni satisfecho ni insatisfecho
Bucaramanga,2015,Seguro,Ni satisfecho ni insatisfecho
Bucaramanga,2015,Poco seguro,Ni satisfecho ni insatisfecho
Bucaramanga,2015,Muy seguro,Ni satisfecho ni insatisfecho
Bucaramanga,2015,Muy seguro,Ni satisfecho ni insatisfecho
Bucaramanga,2015,Algo seguro,Algo insatisfecho
Bucaramanga,2015,Seguro,Ni satisfecho ni insatisfecho
Bucaramanga,2015,Muy seguro,Algo satisfecho
Bucaramanga,2015,Algo seguro,Ni satisfecho ni insatisfecho
Bucaramanga,2015,Algo seguro,Algo satisfecho
Bucaramanga,2015,Muy seguro,Ni satisfecho ni insatisfecho
Bucaramanga,2015,Algo seguro,Algo satisfecho
Bucaramanga,2015,Algo seguro,Algo insatisfecho
Bucaramanga,2015,Algo seguro,Algo satisfecho
Bucaramanga,2015,Poco seguro,Ni satisfecho ni insatisfecho
Bucaramanga,2015,Seguro,Ni satisfecho ni insatisfecho
Bucaramanga,2015,Muy seguro,Muy insatisfecho
Bucaramanga,2015,Poco seguro,Ni satisfecho ni insatisfecho
Bucaramanga,2015,Nada seguro,Ni satisfecho ni insatisfecho
Bucaramanga,2015,Muy seguro,Muy satisfecho
Bucaramanga,2015,Seguro,Ni satisfecho ni insatisfecho
Bucaramanga,2015,Algo seguro,Ni satisfecho ni insatisfecho
Bucaramanga,2015,Algo seguro,Ni satisfecho ni insatisfecho
Bucaramanga,2015,Poco seguro,Muy insatisfecho
Bucaramanga,2015,Seguro,Muy insatisfecho
Bucaramanga,2015,Seguro,Muy insatisfecho
Bucaramanga,2015,Seguro,Algo satisfecho
Bucaramanga,2015,Poco seguro,Algo satisfecho
Bucaramanga,2015,Seguro,Ni satisfecho ni insatisfecho
Bucaramanga,2015,Muy seguro,Muy insatisfecho
Bucaramanga,2015,Muy seguro,Ni satisfecho ni insatisfecho
Bucaramanga,2015,Seguro,Algo insatisfecho
Bucaramanga,2015,Algo seguro,Algo insatisfecho
Bucaramanga,2015,Algo seguro,Muy satisfecho
Bucaramanga,2015,Algo seguro,Ni satisfecho ni insatisfecho
Bucaramanga,2015,Seguro,Algo insatisfecho
Bucaramanga,2015,Algo seguro,Ni satisfecho ni insatisfecho
Bucaramanga,2015,Algo seguro,Algo satisfecho
Bucaramanga,2015,Seguro,Muy satisfecho
Bucaramanga,2015,Algo seguro,Algo insatisfecho
Bucaramanga,2015,Muy seguro,Algo satisfecho
Bucaramanga,2015,Algo seguro,Ni satisfecho ni insatisfecho
Bucaramanga,2015,Muy seguro,Ni satisfecho ni insatisfecho
Bucaramanga,2015,Algo seguro,Muy insatisfecho
Bucaramanga,2015,Seguro,Muy insatisfecho
Bucaramanga,2015,Muy seguro,Algo satisfecho
Bucaramanga,2015,Seguro,Ni satisfecho ni insatisfecho
Bucaramanga,2015,Algo seguro,Algo satisfecho
Bucaramanga,2015,Poco seguro,Ni satisfecho ni insatisfecho
Bucaramanga,2015,Algo seguro,Ni satisfecho ni insatisfecho
Bucaramanga,2015,Seguro,Ni satisfecho ni insatisfecho
Bucaramanga,2015,Seguro,Ni satisfecho ni insatisfecho
Bucaramanga,2015,Muy seguro,Ni satisfecho ni insatisfecho
Bucaramanga,2015,Algo seguro,Algo insatisfecho
Bucaramanga,2015,Seguro,Ni satisfecho ni insatisfecho
Bucaramanga,2015,Muy seguro,Ni satisfecho ni insatisfecho
Bucaramanga,2015,Muy seguro,Ni satisfecho ni insatisfecho
Bucaramanga,2015,Algo seguro,Algo satisfecho
Bucaramanga,2015,Muy seguro,Ni satisfecho ni insatisfecho
Bucaramanga,2015,Seguro,Algo satisfecho
Bucaramanga,2015,Poco seguro,Algo satisfecho
Bucaramanga,2015,Algo seguro,Ni satisfecho ni insatisfecho
Bucaramanga,2015,Algo seguro,Algo satisfecho
Bucaramanga,2015,Muy seguro,Muy satisfecho
Bucaramanga,2015,Algo seguro,Muy insatisfecho
Bucaramanga,2015,Muy seguro,Ni satisfecho ni insatisfecho
Bucaramanga,2015,Algo seguro,Muy insatisfecho
Bucaramanga,2015,Poco seguro,Algo satisfecho
Bucaramanga,2015,Algo seguro,Ni satisfecho ni insatisfecho
Bucaramanga,2015,Seguro,Algo satisfecho
Bucaramanga,2015,Muy seguro,Ni satisfecho ni insatisfecho
Bucaramanga,2015,Algo seguro,Muy insatisfecho
Bucaramanga,2015,Poco seguro,Algo insatisfecho
Bucaramanga,2015,Seguro,Algo insatisfecho
Bucaramanga,2015,Algo seguro,Algo satisfecho
Bucaramanga,2015,Seguro,Ni satisfecho ni insatisfecho
Bucaramanga,2015,Seguro,Muy insatisfecho
Bucaramanga,2015,Muy seguro,Muy satisfecho
Bucaramanga,2015,Muy seguro,Algo satisfecho
Bucaramanga,2015,Algo seguro,Ni satisfecho ni insatisfecho
Bucaramanga,2015,Algo seguro,Algo insatisfecho
Bucaramanga,2015,Seguro,Muy insatisfecho
Bucaramanga,2015,Muy seguro,Ni satisfecho ni insatisfecho
Bucaramanga,2015,Algo seguro,Muy satisfecho
Bucaramanga,2015,Poco seguro,Muy insatisfecho
Bucaramanga,2015,Algo seguro,Algo insatisfecho
Bucaramanga,2015,Algo seguro,Muy insatisfecho
Bucaramanga,2015,Poco seguro,Ni satisfecho ni insatisfecho
Bucaramanga,2015,Algo seguro,Ni satisfecho ni insatisfecho
Bucaramanga,2015,Seguro,Algo insatisfecho
Bucaramanga,2015,Muy seguro,Ni satisfecho ni insatisfecho
Bucaramanga,2015,Algo seguro,Muy satisfecho
Bucaramanga,2015,Algo seguro,Ni satisfecho ni insatisfecho
Bucaramanga,2015,Algo seguro,Algo satisfecho
Bucaramanga,2015,Poco seguro,Muy insatisfecho
Bucaramanga,2015,Algo seguro,Muy insatisfecho
Bucaramanga,2015,Muy seguro,Algo satisfecho
Bucaramanga,2015,Seguro,Ni satisfecho ni insatisfecho
Bucaramanga,2015,Muy seguro,Algo satisfecho
Bucaramanga,2015,Algo seguro,Algo satisfecho
Bucaramanga,2015,Seguro,Ni satisfecho ni insatisfecho
Bucaramanga,2015,Algo seguro,Algo insatisfecho
Bucaramanga,2015,Muy seguro,Muy insatisfecho
Bucaramanga,2015,Muy seguro,Algo insatisfecho
Bucaramanga,2015,Poco seguro,Muy insatisfecho
Bucaramanga,2015,Algo seguro,Muy insatisfecho
Bucaramanga,2015,Seguro,Algo insatisfecho
Bucaramanga,2015,Muy seguro,Algo insatisfecho
Bucaramanga,2015,Algo seguro,Ni satisfecho ni insatisfecho
Bucaramanga,2015,Algo seguro,Algo satisfecho
Bucaramanga,2015,Poco seguro,Muy insatisfecho
Bucaramanga,2015,Algo seguro,Ni satisfecho ni insatisfecho
Bucaramanga,2015,Seguro,Ni satisfecho ni insatisfecho
Bucaramanga,2015,Algo seguro,Ni satisfecho ni insatisfecho
Bucaramanga,2015,Poco seguro,Muy insatisfecho
Bucaramanga,2015,Muy seguro,Ni satisfecho ni insatisfecho
Bucaramanga,2015,Seguro,Ni satisfecho ni insatisfecho
Bucaramanga,2015,Seguro,Ni satisfecho ni insatisfecho
Bucaramanga,2015,Algo seguro,Muy insatisfecho
Bucaramanga,2015,Algo seguro,Algo insatisfecho
Bucaramanga,2015,Nada seguro,Ni satisfecho ni insatisfecho
Bucaramanga,2015,Seguro,Ni satisfecho ni insatisfecho
Bucaramanga,2015,Seguro,Muy insatisfecho
Bucaramanga,2015,Seguro,Ni satisfecho ni insatisfecho
Bucaramanga,2015,Seguro,Ni satisfecho ni insatisfecho
Bucaramanga,2015,Seguro,Algo satisfecho
Bucaramanga,2015,Seguro,Ni satisfecho ni insatisfecho
Bucaramanga,2015,Seguro,Muy satisfecho
Bucaramanga,2015,Algo seguro,Ni satisfecho ni insatisfecho
Bucaramanga,2015,Muy seguro,Algo satisfecho
Bucaramanga,2015,Algo seguro,Ni satisfecho ni insatisfecho
Bucaramanga,2015,Poco seguro,Algo insatisfecho
Bucaramanga,2015,Poco seguro,Algo satisfecho
Bucaramanga,2015,Algo seguro,Algo satisfecho
Bucaramanga,2015,Poco seguro,Ni satisfecho ni insatisfecho
Bucaramanga,2015,Algo seguro,Muy satisfecho
Bucaramanga,2015,Poco seguro,Ni satisfecho ni insatisfecho
Bucaramanga,2015,Seguro,Ni satisfecho ni insatisfecho
Bucaramanga,2015,Algo seguro,Muy insatisfecho
Bucaramanga,2015,Seguro,Ni satisfecho ni insatisfecho
Bucaramanga,2015,Seguro,Muy insatisfecho
Bucaramanga,2015,Algo seguro,Ni satisfecho ni insatisfecho
Bucaramanga,2015,Muy seguro,Algo satisfecho
Bucaramanga,2015,Seguro,Algo satisfecho
Bucaramanga,2015,Algo seguro,Muy satisfecho
Bucaramanga,2015,Seguro,Ni satisfecho ni insatisfecho
Bucaramanga,2015,Poco seguro,Algo satisfecho
Bucaramanga,2015,Nada seguro,Algo insatisfecho
Bucaramanga,2015,Poco seguro,Algo insatisfecho
Bucaramanga,2015,Poco seguro,Algo satisfecho
Bucaramanga,2015,Algo seguro,Algo satisfecho
Bucaramanga,2015,Algo seguro,Algo satisfecho
Bucaramanga,2015,Muy seguro,Muy insatisfecho
Bucaramanga,2015,Poco seguro,Muy insatisfecho
Bucaramanga,2015,Seguro,Algo satisfecho
Bucaramanga,2015,Algo seguro,Algo insatisfecho
Bucaramanga,2015,Poco seguro,Algo insatisfecho
Bucaramanga,2015,Nada seguro,Ni satisfecho ni insatisfecho
Bucaramanga,2015,Muy seguro,Muy insatisfecho
Bucaramanga,2015,Seguro,Algo satisfecho
Bucaramanga,2015,Nada seguro,Muy insatisfecho
Bucaramanga,2015,Algo seguro,Muy satisfecho
Bucaramanga,2015,Poco seguro,Ni satisfecho ni insatisfecho
Bucaramanga,2015,Muy seguro,Ni satisfecho ni insatisfecho
Bucaramanga,2015,Seguro,Algo insatisfecho
Bucaramanga,2015,Muy seguro,Ni satisfecho ni insatisfecho
Bucaramanga,2015,Nada seguro,Ni satisfecho ni insatisfecho
Bucaramanga,2015,Nada seguro,Muy insatisfecho
Bucaramanga,2015,Seguro,Muy insatisfecho
Bucaramanga,2015,Muy seguro,Muy insatisfecho
Bucaramanga,2015,Muy seguro,Algo insatisfecho
Bucaramanga,2015,Seguro,Muy satisfecho
Bucaramanga,2015,Seguro,Algo satisfecho
Bucaramanga,2015,Seguro,Muy insatisfecho
Bucaramanga,2015,Algo seguro,Ni satisfecho ni insatisfecho
Bucaramanga,2015,Algo seguro,Ni satisfecho ni insatisfecho
Bucaramanga,2015,Seguro,Muy insatisfecho
Bucaramanga,2015,Seguro,Algo insatisfecho
Bucaramanga,2015,Algo seguro,Muy insatisfecho
Bucaramanga,2015,Muy seguro,Algo insatisfecho
Bucaramanga,2015,Seguro,Muy insatisfecho
Bucaramanga,2015,Muy seguro,Muy insatisfecho
Bucaramanga,2015,Seguro,Algo insatisfecho
Bucaramanga,2015,Algo seguro,Ni satisfecho ni insatisfecho
Bucaramanga,2015,Algo seguro,Muy insatisfecho
Bucaramanga,2015,Muy seguro,Algo insatisfecho
Bucaramanga,2015,Seguro,Algo satisfecho
Bucaramanga,2015,Algo seguro,Algo satisfecho
Bucaramanga,2015,Seguro,Ni satisfecho ni insatisfecho
Bucaramanga,2015,Poco seguro,Muy insatisfecho
Bucaramanga,2015,Muy seguro,Muy insatisfecho
Bucaramanga,2015,Seguro,Algo insatisfecho
Bucaramanga,2015,Algo seguro,Ni satisfecho ni insatisfecho
Bucaramanga,2015,Poco seguro,Ni satisfecho ni insatisfecho
Bucaramanga,2015,Seguro,Muy insatisfecho
Bucaramanga,2015,Algo seguro,Algo insatisfecho
Bucaramanga,2015,Seguro,Algo insatisfecho
Bucaramanga,2015,Seguro,Muy insatisfecho
Bucaramanga,2015,Muy seguro,Algo satisfecho
Bucaramanga,2015,Poco seguro,Algo satisfecho
Bucaramanga,2015,Poco seguro,Algo satisfecho
Bucaramanga,2015,Seguro,Muy insatisfecho
Bucaramanga,2015,Algo seguro,Algo satisfecho
Bucaramanga,2015,Poco seguro,Ni satisfecho ni insatisfecho
Bucaramanga,2015,Seguro,Muy insatisfecho
Bucaramanga,2015,Algo seguro,Muy insatisfecho
Bucaramanga,2015,Seguro,Algo insatisfecho
Bucaramanga,2015,Seguro,Ni satisfecho ni insatisfecho
Bucaramanga,2015,Muy seguro,Algo satisfecho
Bucaramanga,2015,Seguro,Ni satisfecho ni insatisfecho
Bucaramanga,2015,Seguro,Ni satisfecho ni insatisfecho
Bucaramanga,2015,Algo seguro,Algo satisfecho
Bucaramanga,2015,Algo seguro,Algo insatisfecho
Bucaramanga,2015,Poco seguro,Muy satisfecho
Bucaramanga,2015,Poco seguro,Muy satisfecho
Bucaramanga,2015,Algo seguro,Ni satisfecho ni insatisfecho
Bucaramanga,2015,Seguro,Algo insatisfecho
Bucaramanga,2015,Poco seguro,Algo insatisfecho
Bucaramanga,2015,Algo seguro,Algo satisfecho
Bucaramanga,2015,Seguro,Ni satisfecho ni insatisfecho
Bucaramanga,2015,Poco seguro,Algo insatisfecho
Bucaramanga,2015,Algo seguro,Algo satisfecho
Bucaramanga,2015,Seguro,Ni satisfecho ni insatisfecho
Bucaramanga,2015,Muy seguro,Algo satisfecho
Bucaramanga,2015,Algo seguro,Muy insatisfecho
Bucaramanga,2015,Seguro,Algo satisfecho
Bucaramanga,2015,Muy seguro,Ni satisfecho ni insatisfecho
Bucaramanga,2015,Seguro,Ni satisfecho ni insatisfecho
Bucaramanga,2015,Seguro,Ni satisfecho ni insatisfecho
Bucaramanga,2015,Algo seguro,Muy insatisfecho
Bucaramanga,2015,Algo seguro,Algo insatisfecho
Bucaramanga,2015,Poco seguro,Muy insatisfecho
Bucaramanga,2015,Nada seguro,Ni satisfecho ni insatisfecho
Bucaramanga,2015,Algo seguro,Ni satisfecho ni insatisfecho
Bucaramanga,2015,Seguro,Ni satisfecho ni insatisfecho
Bucaramanga,2015,Seguro,Ni satisfecho ni insatisfecho
Bucaramanga,2015,Seguro,Algo insatisfecho
Bucaramanga,2015,Seguro,Algo satisfecho
Bucaramanga,2015,Algo seguro,Algo insatisfecho
Bucaramanga,2015,Muy seguro,Algo insatisfecho
Bucaramanga,2015,Seguro,Ni satisfecho ni insatisfecho
Bucaramanga,2015,Poco seguro,Ni satisfecho ni insatisfecho
Bucaramanga,2015,Muy seguro,Ni satisfecho ni insatisfecho
Bucaramanga,2015,Seguro,Algo satisfecho
Bucaramanga,2015,Nada seguro,Ni satisfecho ni insatisfecho
Bucaramanga,2015,Seguro,Algo satisfecho
Bucaramanga,2015,Nada seguro,Ni satisfecho ni insatisfecho
Bucaramanga,2015,Algo seguro,Algo satisfecho
Bucaramanga,2015,Seguro,Ni satisfecho ni insatisfecho
Bucaramanga,2015,Seguro,Algo satisfecho
Bucaramanga,2015,Muy seguro,Ni satisfecho ni insatisfecho
Bucaramanga,2015,Muy seguro,Algo insatisfecho
Bucaramanga,2015,Poco seguro,Muy insatisfecho
Bucaramanga,2015,Muy seguro,Algo insatisfecho
Bucaramanga,2015,Muy seguro,Algo satisfecho
Bucaramanga,2015,Poco seguro,Ni satisfecho ni insatisfecho
Bucaramanga,2015,Seguro,Ni satisfecho ni insatisfecho
Bucaramanga,2015,Muy seguro,Algo satisfecho
Bucaramanga,2015,Algo seguro,Algo satisfecho
Bucaramanga,2015,Seguro,Ni satisfecho ni insatisfecho
Bucaramanga,2015,Algo seguro,Algo insatisfecho
Bucaramanga,2015,Muy seguro,Ni satisfecho ni insatisfecho
Bucaramanga,2015,Poco seguro,Muy satisfecho
Bucaramanga,2015,Algo seguro,Algo satisfecho
Bucaramanga,2015,Poco seguro,Ni satisfecho ni insatisfecho
Bucaramanga,2015,Algo seguro,Algo satisfecho
Bucaramanga,2015,Algo seguro,Ni satisfecho ni insatisfecho
Bucaramanga,2015,Algo seguro,Algo insatisfecho
Bucaramanga,2015,Seguro,Ni satisfecho ni insatisfecho
Bucaramanga,2015,Algo seguro,Algo satisfecho
Bucaramanga,2015,Algo seguro,Algo insatisfecho
Bucaramanga,2015,Algo seguro,Algo satisfecho
Bucaramanga,2015,Muy seguro,Ni satisfecho ni insatisfecho
Bucaramanga,2015,Muy seguro,Muy insatisfecho
Bucaramanga,2015,Muy seguro,Muy insatisfecho
Bucaramanga,2015,Algo seguro,Ni satisfecho ni insatisfecho
Bucaramanga,2015,Algo seguro,Ni satisfecho ni insatisfecho
Bucaramanga,2015,Algo seguro,Muy insatisfecho
Bucaramanga,2015,Algo seguro,Algo satisfecho
Bucaramanga,2015,Poco seguro,Algo satisfecho
Bucaramanga,2015,Seguro,Ni satisfecho ni insatisfecho
Bucaramanga,2015,Seguro,Algo insatisfecho
Bucaramanga,2015,Algo seguro,Algo insatisfecho
Bucaramanga,2015,Seguro,Ni satisfecho ni insatisfecho
Bucaramanga,2015,Muy seguro,Muy satisfecho
Bucaramanga,2015,Poco seguro,Muy insatisfecho
Bucaramanga,2015,Algo seguro,Algo satisfecho
Bucaramanga,2015,Muy seguro,Ni satisfecho ni insatisfecho
Bucaramanga,2015,Algo seguro,Algo insatisfecho
Bucaramanga,2015,Algo seguro,Ni satisfecho ni insatisfecho
Bucaramanga,2015,Nada seguro,Algo satisfecho
Bucaramanga,2015,Algo seguro,Muy insatisfecho
Bucaramanga,2015,Algo seguro,Muy insatisfecho
Bucaramanga,2015,Seguro,Algo satisfecho
Bucaramanga,2015,Muy seguro,Muy insatisfecho
Bucaramanga,2015,Muy seguro,Algo insatisfecho
Bucaramanga,2015,Muy seguro,Muy insatisfecho
Bucaramanga,2015,Algo seguro,Ni satisfecho ni insatisfecho
Bucaramanga,2015,Algo seguro,Muy insatisfecho
Bucaramanga,2015,Nada seguro,Muy insatisfecho
Bucaramanga,2015,Poco seguro,Algo insatisfecho
Bucaramanga,2015,Algo seguro,Muy insatisfecho
Bucaramanga,2015,Seguro,Algo satisfecho
Bucaramanga,2015,Nada seguro,Algo satisfecho
Bucaramanga,2015,Poco seguro,Algo satisfecho
Bucaramanga,2015,Nada seguro,Algo satisfecho
Bucaramanga,2015,Muy seguro,Ni satisfecho ni insatisfecho
Bucaramanga,2015,Muy seguro,Algo satisfecho
Bucaramanga,2015,Algo seguro,Algo insatisfecho
Bucaramanga,2015,Muy seguro,Ni satisfecho ni insatisfecho
Bucaramanga,2015,Algo seguro,Muy insatisfecho
Bucaramanga,2015,Muy seguro,Algo insatisfecho
Bucaramanga,2015,Seguro,Muy insatisfecho
Bucaramanga,2015,Seguro,Algo insatisfecho
Bucaramanga,2015,Seguro,Muy insatisfecho
Bucaramanga,2015,Seguro,Muy satisfecho
Bucaramanga,2015,Seguro,Algo insatisfecho
Bucaramanga,2015,Seguro,Algo satisfecho
Bucaramanga,2015,Seguro,Algo insatisfecho
Bucaramanga,2015,Poco seguro,Muy insatisfecho
Bucaramanga,2015,Algo seguro,Muy insatisfecho
Bucaramanga,2015,Muy seguro,Ni satisfecho ni insatisfecho
Bucaramanga,2015,Muy seguro,Ni satisfecho ni insatisfecho
Bucaramanga,2015,Muy seguro,Muy insatisfecho
Bucaramanga,2015,Muy seguro,Ni satisfecho ni insatisfecho
Bucaramanga,2015,Seguro,Ni satisfecho ni insatisfecho
Bucaramanga,2015,Seguro,Algo insatisfecho
Bucaramanga,2015,Seguro,Algo satisfecho
Bucaramanga,2015,Seguro,Muy insatisfecho
Bucaramanga,2015,Seguro,Muy insatisfecho
Bucaramanga,2015,Algo seguro,Ni satisfecho ni insatisfecho
Bucaramanga,2015,Muy seguro,Algo satisfecho
Bucaramanga,2015,Seguro,Algo satisfecho
Bucaramanga,2015,Muy seguro,Algo satisfecho
Bucaramanga,2015,Seguro,Ni satisfecho ni insatisfecho
Bucaramanga,2015,Poco seguro,Algo insatisfecho
Bucaramanga,2015,Poco seguro,Muy insatisfecho
Bucaramanga,2015,Nada seguro,Ni satisfecho ni insatisfecho
Bucaramanga,2015,Nada seguro,Algo satisfecho
Bucaramanga,2015,Nada seguro,Ni satisfecho ni insatisfecho
Bucaramanga,2015,Poco seguro,Muy insatisfecho
Bucaramanga,2015,Poco seguro,Ni satisfecho ni insatisfecho
Bucaramanga,2015,Poco seguro,Muy insatisfecho
Bucaramanga,2015,Nada seguro,Algo insatisfecho
Bucaramanga,2015,Poco seguro,Muy satisfecho
Bucaramanga,2015,Algo seguro,Ni satisfecho ni insatisfecho
Bucaramanga,2015,Algo seguro,Algo satisfecho
Bucaramanga,2015,Algo seguro,Algo insatisfecho
Bucaramanga,2015,Algo seguro,Muy insatisfecho
Bucaramanga,2015,Seguro,Muy insatisfecho
Bucaramanga,2015,Algo seguro,Algo satisfecho
Bucaramanga,2015,Algo seguro,Algo satisfecho
Bucaramanga,2015,Algo seguro,Muy insatisfecho
Bucaramanga,2015,Nada seguro,Muy insatisfecho
Bucaramanga,2015,Muy seguro,Muy insatisfecho
Bucaramanga,2015,Algo seguro,Muy satisfecho
Bucaramanga,2015,Algo seguro,Algo insatisfecho
Bucaramanga,2015,Poco seguro,Algo satisfecho
Bucaramanga,2015,Seguro,Algo insatisfecho
Bucaramanga,2015,Algo seguro,Ni satisfecho ni insatisfecho
Bucaramanga,2015,Poco seguro,Algo satisfecho
Bucaramanga,2015,Seguro,Muy satisfecho
Bucaramanga,2015,Seguro,Algo insatisfecho
Bucaramanga,2015,Poco seguro,Muy insatisfecho
Bucaramanga,2015,Poco seguro,Muy insatisfecho
Bucaramanga,2015,Muy seguro,Ni satisfecho ni insatisfecho
Bucaramanga,2015,Seguro,Algo satisfecho
Bucaramanga,2015,Algo seguro,Muy insatisfecho
Bucaramanga,2015,Seguro,Algo satisfecho
Bucaramanga,2015,Muy seguro,Algo satisfecho
Bucaramanga,2015,Algo seguro,Ni satisfecho ni insatisfecho
Bucaramanga,2015,Muy seguro,Muy insatisfecho
Bucaramanga,2015,Poco seguro,Ni satisfecho ni insatisfecho
Bucaramanga,2015,Algo seguro,Muy insatisfecho
Bucaramanga,2015,Seguro,Muy insatisfecho
Bucaramanga,2015,Seguro,Ni satisfecho ni insatisfecho
Bucaramanga,2015,Seguro,Algo satisfecho
Bucaramanga,2015,Algo seguro,Algo satisfecho
Bucaramanga,2015,Seguro,Ni satisfecho ni insatisfecho
Bucaramanga,2015,Algo seguro,Algo insatisfecho
Bucaramanga,2015,Algo seguro,Muy insatisfecho
Bucaramanga,2015,Seguro,Algo satisfecho
Bucaramanga,2015,Poco seguro,Algo insatisfecho
Bucaramanga,2015,Algo seguro,Ni satisfecho ni insatisfecho
Bucaramanga,2015,Poco seguro,Algo satisfecho
Bucaramanga,2015,Nada seguro,Muy satisfecho
Bucaramanga,2015,Nada seguro,Algo insatisfecho
Bucaramanga,2015,Seguro,Algo insatisfecho
Bucaramanga,2015,Poco seguro,Ni satisfecho ni insatisfecho
Bucaramanga,2015,Muy seguro,Algo satisfecho
Bucaramanga,2015,Algo seguro,Ni satisfecho ni insatisfecho
Bucaramanga,2015,Seguro,Muy insatisfecho
Bucaramanga,2015,Seguro,Algo satisfecho
Bucaramanga,2015,Nada seguro,Algo insatisfecho
Bucaramanga,2015,Muy seguro,Algo insatisfecho
Bucaramanga,2015,Poco seguro,Muy insatisfecho
Bucaramanga,2015,Seguro,Ni satisfecho ni insatisfecho
Bucaramanga,2015,Muy seguro,Ni satisfecho ni insatisfecho
Bucaramanga,2015,Poco seguro,Ni satisfecho ni insatisfecho
Bucaramanga,2015,Algo seguro,Algo insatisfecho
Bucaramanga,2015,Algo seguro,Algo satisfecho
Bucaramanga,2015,Nada seguro,Algo satisfecho
Bucaramanga,2015,Seguro,Algo satisfecho
Bucaramanga,2015,Muy seguro,Algo insatisfecho
Bucaramanga,2015,Algo seguro,Ni satisfecho ni insatisfecho
Bucaramanga,2015,Algo seguro,Muy insatisfecho
Bucaramanga,2015,Nada seguro,Ni satisfecho ni insatisfecho
Bucaramanga,2015,Algo seguro,Ni satisfecho ni insatisfecho
Bucaramanga,2015,Poco seguro,Ni satisfecho ni insatisfecho
Bucaramanga,2015,Algo seguro,Ni satisfecho ni insatisfecho
Bucaramanga,2015,Muy seguro,Algo insatisfecho
Bucaramanga,2015,Muy seguro,Ni satisfecho ni insatisfecho
Bucaramanga,2015,Algo seguro,Muy satisfecho
Bucaramanga,2015,Algo seguro,Algo insatisfecho
Bucaramanga,2015,Algo seguro,Ni satisfecho ni insatisfecho
Bucaramanga,2015,Poco seguro,Muy insatisfecho
Bucaramanga,2015,Seguro,Algo satisfecho
Bucaramanga,2015,Algo seguro,Muy insatisfecho
Bucaramanga,2015,Seguro,Ni satisfecho ni insatisfecho
Bucaramanga,2015,Seguro,Algo insatisfecho
Bucaramanga,2015,Seguro,Ni satisfecho ni insatisfecho
Bucaramanga,2015,Nada seguro,Algo satisfecho
Bucaramanga,2015,Seguro,Algo satisfecho
Bucaramanga,2015,Muy seguro,Ni satisfecho ni insatisfecho
Bucaramanga,2015,Muy seguro,Algo satisfecho
Bucaramanga,2015,Nada seguro,Muy insatisfecho
Bucaramanga,2015,Seguro,Ni satisfecho ni insatisfecho
Bucaramanga,2015,Algo seguro,Algo satisfecho
Bucaramanga,2015,Muy seguro,Ni satisfecho ni insatisfecho
Bucaramanga,2015,Algo seguro,Muy insatisfecho
Bucaramanga,2015,Algo seguro,Ni satisfecho ni insatisfecho
Bucaramanga,2015,Muy seguro,Ni satisfecho ni insatisfecho
Bucaramanga,2015,Seguro,Algo insatisfecho
Bucaramanga,2015,Seguro,Algo insatisfecho
Bucaramanga,2015,Algo seguro,Ni satisfecho ni insatisfecho
Bucaramanga,2015,Poco seguro,Ni satisfecho ni insatisfecho
Bucaramanga,2015,Seguro,Algo insatisfecho
Bucaramanga,2015,Muy seguro,Muy satisfecho
Bucaramanga,2015,Algo seguro,Ni satisfecho ni insatisfecho
Bucaramanga,2015,Seguro,Muy insatisfecho
Bucaramanga,2015,Seguro,Algo satisfecho
Bucaramanga,2015,Algo seguro,Algo satisfecho
Bucaramanga,2015,Muy seguro,Muy insatisfecho
Bucaramanga,2015,Seguro,Algo insatisfecho
Bucaramanga,2015,Seguro,Algo satisfecho
Bucaramanga,2015,Seguro,Algo satisfecho
Bucaramanga,2015,Muy seguro,Ni satisfecho ni insatisfecho
Bucaramanga,2015,Poco seguro,Ni satisfecho ni insatisfecho
Bucaramanga,2015,Algo seguro,Algo satisfecho
Bucaramanga,2015,Algo seguro,Muy insatisfecho
Bucaramanga,2015,Muy seguro,Ni satisfecho ni insatisfecho
Bucaramanga,2015,Algo seguro,Ni satisfecho ni insatisfecho
Bucaramanga,2015,Poco seguro,Algo satisfecho
Bucaramanga,2015,Poco seguro,Algo satisfecho
Bucaramanga,2015,Poco seguro,Ni satisfecho ni insatisfecho
Bucaramanga,2015,Seguro,Muy satisfecho
Bucaramanga,2015,Algo seguro,Algo insatisfecho
Bucaramanga,2015,Algo seguro,Ni satisfecho ni insatisfecho
Bucaramanga,2015,Algo seguro,Ni satisfecho ni insatisfecho
Bucaramanga,2015,Muy seguro,Algo satisfecho
Bucaramanga,2015,Seguro,Algo satisfecho
Bucaramanga,2015,Seguro,Ni satisfecho ni insatisfecho
Bucaramanga,2015,Algo seguro,Ni satisfecho ni insatisfecho
Bucaramanga,2015,Poco seguro,Muy insatisfecho
Bucaramanga,2015,Nada seguro,Algo satisfecho
Bucaramanga,2015,Seguro,Ni satisfecho ni insatisfecho
Bucaramanga,2015,Seguro,Ni satisfecho ni insatisfecho
Bucaramanga,2015,Seguro,Algo satisfecho
Bucaramanga,2015,Seguro,Ni satisfecho ni insatisfecho
Bucaramanga,2015,Muy seguro,Ni satisfecho ni insatisfecho
Bucaramanga,2015,Algo seguro,Ni satisfecho ni insatisfecho
Bucaramanga,2015,Algo seguro,Algo satisfecho
Bucaramanga,2015,Algo seguro,Algo satisfecho
Bucaramanga,2015,Poco seguro,Muy insatisfecho
Bucaramanga,2015,Muy seguro,Algo insatisfecho
Bucaramanga,2015,Seguro,Algo insatisfecho
Bucaramanga,2015,Algo seguro,Algo satisfecho
Bucaramanga,2015,Algo seguro,Ni satisfecho ni insatisfecho
Bucaramanga,2015,Muy seguro,Algo insatisfecho
Bucaramanga,2015,Poco seguro,Muy insatisfecho
Bucaramanga,2015,Poco seguro,Muy satisfecho
Bucaramanga,2015,Seguro,Algo satisfecho
Bucaramanga,2015,Muy seguro,Muy insatisfecho
Bucaramanga,2015,Seguro,Algo satisfecho
Bucaramanga,2015,Seguro,Algo satisfecho
Bucaramanga,2015,Seguro,Algo insatisfecho
Bucaramanga,2015,Seguro,Ni satisfecho ni insatisfecho
Bucaramanga,2015,Seguro,Algo insatisfecho
Bucaramanga,2015,Muy seguro,Algo satisfecho
Bucaramanga,2015,Algo seguro,Algo insatisfecho
Bucaramanga,2015,Algo seguro,Ni satisfecho ni insatisfecho
Bucaramanga,2015,Algo seguro,Ni satisfecho ni insatisfecho
Bucaramanga,2015,Algo seguro,Muy satisfecho
Bucaramanga,2015,Seguro,Muy insatisfecho
Bucaramanga,2015,Seguro,Muy insatisfecho
Bucaramanga,2015,Seguro,Algo satisfecho
Bucaramanga,2015,Algo seguro,Ni satisfecho ni insatisfecho
Bucaramanga,2015,Muy seguro,Algo satisfecho
Bucaramanga,2015,Poco seguro,Algo satisfecho
Bucaramanga,2015,Algo seguro,Algo satisfecho
Bucaramanga,2015,Seguro,Ni satisfecho ni insatisfecho
Bucaramanga,2015,Algo seguro,Ni satisfecho ni insatisfecho
Bucaramanga,2015,Algo seguro,Ni satisfecho ni insatisfecho
Bucaramanga,2015,Poco seguro,Muy insatisfecho
Bucaramanga,2015,Seguro,Ni satisfecho ni insatisfecho
Bucaramanga,2015,Poco seguro,Algo insatisfecho
Bucaramanga,2015,Muy seguro,Ni satisfecho ni insatisfecho
Bucaramanga,2015,Algo seguro,Muy satisfecho
Bucaramanga,2015,Poco seguro,Algo satisfecho
Bucaramanga,2015,Algo seguro,Algo insatisfecho
Bucaramanga,2015,Algo seguro,Algo insatisfecho
Bucaramanga,2015,Seguro,Algo insatisfecho
Bucaramanga,2015,Seguro,Ni satisfecho ni insatisfecho
Bucaramanga,2015,Poco seguro,Algo insatisfecho
Bucaramanga,2015,Seguro,Algo satisfecho
Bucaramanga,2015,Nada seguro,Algo insatisfecho
Bucaramanga,2015,Poco seguro,Ni satisfecho ni insatisfecho
Bucaramanga,2015,Seguro,Algo satisfecho
Bucaramanga,2015,Muy seguro,Ni satisfecho ni insatisfecho
Bucaramanga,2015,Algo seguro,Ni satisfecho ni insatisfecho
Bucaramanga,2015,Muy seguro,Algo satisfecho
Bucaramanga,2015,Muy seguro,Ni satisfecho ni insatisfecho
Bucaramanga,2015,Algo seguro,Algo satisfecho
Bucaramanga,2015,Algo seguro,Muy insatisfecho
Bucaramanga,2015,Seguro,Muy insatisfecho
Bucaramanga,2015,Seguro,Algo satisfecho
Bucaramanga,2015,Seguro,Muy insatisfecho
Bucaramanga,2015,Algo seguro,Muy satisfecho
Bucaramanga,2015,Muy seguro,Ni satisfecho ni insatisfecho
Bucaramanga,2015,Seguro,Algo satisfecho
Bucaramanga,2015,Algo seguro,Ni satisfecho ni insatisfecho
Bucaramanga,2015,Poco seguro,Muy insatisfecho
Bucaramanga,2015,Algo seguro,Algo insatisfecho
Bucaramanga,2015,Poco seguro,Ni satisfecho ni insatisfecho
Bucaramanga,2015,Seguro,Algo insatisfecho
Bucaramanga,2015,Poco seguro,Muy insatisfecho
Bucaramanga,2015,Nada seguro,Muy insatisfecho
Bucaramanga,2015,Muy seguro,Algo satisfecho
Bucaramanga,2015,Nada seguro,Ni satisfecho ni insatisfecho
Bucaramanga,2015,Nada seguro,Algo satisfecho
Bucaramanga,2015,Muy seguro,Muy insatisfecho
Bucaramanga,2015,Muy seguro,Algo insatisfecho
Bucaramanga,2015,Poco seguro,Muy insatisfecho
Bucaramanga,2015,Nada seguro,Muy insatisfecho
Bucaramanga,2015,Muy seguro,Ni satisfecho ni insatisfecho
Bucaramanga,2015,Nada seguro,Algo satisfecho
Bucaramanga,2015,Seguro,Algo insatisfecho
Bucaramanga,2015,Muy seguro,Ni satisfecho ni insatisfecho
Bucaramanga,2015,Seguro,Ni satisfecho ni insatisfecho
Bucaramanga,2015,Seguro,Algo satisfecho
Bucaramanga,2015,Seguro,Algo insatisfecho
Bucaramanga,2015,Seguro,Algo insatisfecho
Bucaramanga,2015,Seguro,Algo satisfecho
Bucaramanga,2015,Algo seguro,Ni satisfecho ni insatisfecho
Bucaramanga,2015,Muy seguro,Algo satisfecho
Bucaramanga,2015,Algo seguro,Muy insatisfecho
Bucaramanga,2015,Muy seguro,Ni satisfecho ni insatisfecho
Bucaramanga,2015,Seguro,Algo insatisfecho
Bucaramanga,2015,Seguro,Algo satisfecho
Bucaramanga,2015,Nada seguro,Algo satisfecho
Bucaramanga,2015,Muy seguro,Algo satisfecho
Bucaramanga,2015,Muy seguro,Algo satisfecho
Bucaramanga,2015,Nada seguro,Ni satisfecho ni insatisfecho
Bucaramanga,2015,Poco seguro,Muy insatisfecho
Bucaramanga,2015,Poco seguro,Muy insatisfecho
Bucaramanga,2015,Poco seguro,Algo insatisfecho
Bucaramanga,2015,Poco seguro,Muy insatisfecho
Bucaramanga,2015,Nada seguro,Muy satisfecho
Bucaramanga,2015,Nada seguro,Muy satisfecho
Bucaramanga,2015,Algo seguro,Algo insatisfecho
Bucaramanga,2015,Algo seguro,Ni satisfecho ni insatisfecho
Bucaramanga,2015,Algo seguro,Muy satisfecho
Bucaramanga,2015,Nada seguro,Ni satisfecho ni insatisfecho
Bucaramanga,2015,Algo seguro,Algo satisfecho
Bucaramanga,2015,Muy seguro,Algo insatisfecho
Bucaramanga,2015,Seguro,Ni satisfecho ni insatisfecho
Bucaramanga,2015,Algo seguro,Ni satisfecho ni insatisfecho
Bucaramanga,2015,Poco seguro,Ni satisfecho ni insatisfecho
Bucaramanga,2015,Seguro,Ni satisfecho ni insatisfecho
Bucaramanga,2015,Poco seguro,Algo satisfecho
Bucaramanga,2015,Algo seguro,Algo insatisfecho
Bucaramanga,2015,Algo seguro,Algo satisfecho
Bucaramanga,2015,Seguro,Muy insatisfecho
Bucaramanga,2015,Seguro,Ni satisfecho ni insatisfecho
Bucaramanga,2015,Seguro,Ni satisfecho ni insatisfecho
Bucaramanga,2015,Seguro,Ni satisfecho ni insatisfecho
Bucaramanga,2015,Seguro,Algo satisfecho
Bucaramanga,2015,Algo seguro,Ni satisfecho ni insatisfecho
Bucaramanga,2015,Seguro,Algo satisfecho
Bucaramanga,2015,Poco seguro,Muy satisfecho
Bucaramanga,2015,Algo seguro,Muy satisfecho
Bucaramanga,2015,Algo seguro,Muy satisfecho
Bucaramanga,2015,Algo seguro,Algo insatisfecho
Bucaramanga,2015,Algo seguro,Algo insatisfecho
Bucaramanga,2015,Algo seguro,Algo insatisfecho
Bucaramanga,2015,Seguro,Algo satisfecho
Bucaramanga,2015,Algo seguro,Ni satisfecho ni insatisfecho
Bucaramanga,2015,Muy seguro,Muy satisfecho
Bucaramanga,2015,Muy seguro,Muy insatisfecho
Bucaramanga,2015,Seguro,Ni satisfecho ni insatisfecho
Bucaramanga,2015,Seguro,Ni satisfecho ni insatisfecho
Bucaramanga,2015,Algo seguro,Algo satisfecho
Bucaramanga,2015,Algo seguro,Ni satisfecho ni insatisfecho
Bucaramanga,2015,Muy seguro,Algo insatisfecho
Bucaramanga,2015,Algo seguro,Algo satisfecho
Bucaramanga,2015,Nada seguro,Ni satisfecho ni insatisfecho
Bucaramanga,2015,Seguro,Algo satisfecho
Bucaramanga,2015,Algo seguro,Algo satisfecho
Bucaramanga,2015,Seguro,Ni satisfecho ni insatisfecho
Bucaramanga,2015,Nada seguro,Algo insatisfecho
Bucaramanga,2015,Poco seguro,Muy insatisfecho
Bucaramanga,2015,Seguro,Ni satisfecho ni insatisfecho
Bucaramanga,2015,Seguro,Algo satisfecho
Bucaramanga,2015,Poco seguro,Ni satisfecho ni insatisfecho
Bucaramanga,2015,Poco seguro,Ni satisfecho ni insatisfecho
Bucaramanga,2015,Algo seguro,Ni satisfecho ni insatisfecho
Bucaramanga,2015,Algo seguro,Muy satisfecho
Bucaramanga,2015,Algo seguro,Ni satisfecho ni insatisfecho
Bucaramanga,2015,Nada seguro,Muy insatisfecho
Bucaramanga,2015,Seguro,Ni satisfecho ni insatisfecho
Bucaramanga,2015,Algo seguro,Ni satisfecho ni insatisfecho
Bucaramanga,2015,Nada seguro,Ni satisfecho ni insatisfecho
Bucaramanga,2015,Seguro,Algo satisfecho
Bucaramanga,2015,Nada seguro,Algo satisfecho
Bucaramanga,2015,Muy seguro,Algo satisfecho
Bucaramanga,2015,Algo seguro,Ni satisfecho ni insatisfecho
Bucaramanga,2015,Algo seguro,Ni satisfecho ni insatisfecho
Bucaramanga,2015,Algo seguro,Algo satisfecho
Bucaramanga,2015,Algo seguro,Algo insatisfecho
Bucaramanga,2015,Seguro,Algo satisfecho
Bucaramanga,2015,Seguro,Algo insatisfecho
Bucaramanga,2015,Algo seguro,Algo insatisfecho
Bucaramanga,2015,Seguro,Ni satisfecho ni insatisfecho
Bucaramanga,2015,Algo seguro,Muy insatisfecho
Bucaramanga,2015,Seguro,Ni satisfecho ni insatisfecho
Bucaramanga,2015,Poco seguro,Ni satisfecho ni insatisfecho
Bucaramanga,2015,Algo seguro,Algo satisfecho
Bucaramanga,2015,Algo seguro,Ni satisfecho ni insatisfecho
Bucaramanga,2015,Muy seguro,Ni satisfecho ni insatisfecho
Bucaramanga,2015,Algo seguro,Algo satisfecho
Bucaramanga,2015,Muy seguro,Algo satisfecho
Bucaramanga,2015,Nada seguro,Ni satisfecho ni insatisfecho
Bucaramanga,2015,Poco seguro,Ni satisfecho ni insatisfecho
Bucaramanga,2015,Poco seguro,Algo insatisfecho
Bucaramanga,2015,Muy seguro,Ni satisfecho ni insatisfecho
Bucaramanga,2015,Nada seguro,Ni satisfecho ni insatisfecho
Bucaramanga,2015,Muy seguro,Ni satisfecho ni insatisfecho
Bucaramanga,2015,Seguro,Ni satisfecho ni insatisfecho
Bucaramanga,2015,Algo seguro,Ni satisfecho ni insatisfecho
Bucaramanga,2015,Seguro,Ni satisfecho ni insatisfecho
Bucaramanga,2015,Algo seguro,Ni satisfecho ni insatisfecho
Bucaramanga,2015,Poco seguro,Ni satisfecho ni insatisfecho
Bucaramanga,2015,Algo seguro,Algo insatisfecho
Bucaramanga,2015,Muy seguro,Ni satisfecho ni insatisfecho
Bucaramanga,2015,Seguro,Ni satisfecho ni insatisfecho
Bucaramanga,2015,Seguro,Algo satisfecho
Bucaramanga,2015,Muy seguro,Ni satisfecho ni insatisfecho
Bucaramanga,2015,Poco seguro,Ni satisfecho ni insatisfecho
Bucaramanga,2015,Algo seguro,Ni satisfecho ni insatisfecho
Bucaramanga,2015,Algo seguro,Algo satisfecho
Bucaramanga,2015,Seguro,Algo insatisfecho
Bucaramanga,2015,Algo seguro,Muy satisfecho
Bucaramanga,2015,Seguro,Algo insatisfecho
Bucaramanga,2015,Algo seguro,Algo satisfecho
Bucaramanga,2015,Seguro,Algo insatisfecho
Bucaramanga,2015,Algo seguro,Algo insatisfecho
Bucaramanga,2015,Seguro,Algo satisfecho
Bucaramanga,2015,Algo seguro,Ni satisfecho ni insatisfecho
Bucaramanga,2015,Nada seguro,Algo insatisfecho
Bucaramanga,2015,Algo seguro,Ni satisfecho ni insatisfecho
Bucaramanga,2015,Algo seguro,Muy insatisfecho
Bucaramanga,2015,Poco seguro,Algo satisfecho
Bucaramanga,2015,Muy seguro,Muy insatisfecho
Bucaramanga,2015,Nada seguro,Muy insatisfecho
Bucaramanga,2015,Muy seguro,Muy insatisfecho
Bucaramanga,2015,Nada seguro,Muy insatisfecho
Bucaramanga,2015,Poco seguro,Muy insatisfecho
Bucaramanga,2015,Muy seguro,Muy satisfecho
Bucaramanga,2015,Poco seguro,Muy insatisfecho
Bucaramanga,2015,Algo seguro,Muy insatisfecho
Bucaramanga,2015,Algo seguro,Muy insatisfecho
Bucaramanga,2015,Poco seguro,Muy insatisfecho
Bucaramanga,2015,Algo seguro,Muy insatisfecho
Bucaramanga,2015,Algo seguro,Algo satisfecho
Bucaramanga,2015,Poco seguro,Ni satisfecho ni insatisfecho
Bucaramanga,2015,Seguro,Algo satisfecho
Bucaramanga,2015,Poco seguro,Ni satisfecho ni insatisfecho
Bucaramanga,2015,Poco seguro,Algo insatisfecho
Bucaramanga,2015,Seguro,Algo satisfecho
Bucaramanga,2015,Muy seguro,Ni satisfecho ni insatisfecho
Bucaramanga,2015,Nada seguro,Algo satisfecho
Bucaramanga,2015,Muy seguro,Ni satisfecho ni insatisfecho
Bucaramanga,2015,Muy seguro,Ni satisfecho ni insatisfecho
Bucaramanga,2015,Algo seguro,Muy insatisfecho
Bucaramanga,2015,Seguro,Muy insatisfecho
Bucaramanga,2015,Muy seguro,Muy satisfecho
Bucaramanga,2015,Algo seguro,Algo satisfecho
Bucaramanga,2015,Muy seguro,Ni satisfecho ni insatisfecho
Bucaramanga,2015,Algo seguro,Muy satisfecho
Bucaramanga,2015,Algo seguro,Ni satisfecho ni insatisfecho
Bucaramanga,2015,Seguro,Muy insatisfecho
Bucaramanga,2015,Algo seguro,Muy insatisfecho
Bucaramanga,2015,Muy seguro,Muy insatisfecho
Bucaramanga,2015,Muy seguro,Algo insatisfecho
Bucaramanga,2015,Algo seguro,Muy insatisfecho
Bucaramanga,2015,Poco seguro,Ni satisfecho ni insatisfecho
Bucaramanga,2015,Muy seguro,Algo insatisfecho
Bucaramanga,2015,Algo seguro,Ni satisfecho ni insatisfecho
Bucaramanga,2015,Seguro,Algo insatisfecho
Bucaramanga,2015,Seguro,Ni satisfecho ni insatisfecho
Bucaramanga,2015,Seguro,Muy insatisfecho
Bucaramanga,2015,Algo seguro,Muy insatisfecho
Bucaramanga,2015,Nada seguro,Algo insatisfecho
Bucaramanga,2015,Muy seguro,Algo insatisfecho
Bucaramanga,2015,Seguro,Ni satisfecho ni insatisfecho
Bucaramanga,2015,Seguro,Algo satisfecho
Bucaramanga,2015,Algo seguro,Muy insatisfecho
Bucaramanga,2015,Nada seguro,Muy insatisfecho
Bucaramanga,2015,Seguro,Ni satisfecho ni insatisfecho
Bucaramanga,2015,Poco seguro,Ni satisfecho ni insatisfecho
Bucaramanga,2015,Poco seguro,Ni satisfecho ni insatisfecho
Bucaramanga,2015,Poco seguro,Muy satisfecho
Bucaramanga,2015,Algo seguro,Ni satisfecho ni insatisfecho
Bucaramanga,2015,Seguro,Ni satisfecho ni insatisfecho
Bucaramanga,2015,Muy seguro,Ni satisfecho ni insatisfecho
Bucaramanga,2015,Algo seguro,Algo satisfecho
Bucaramanga,2015,Poco seguro,Algo satisfecho
Bucaramanga,2015,Algo seguro,Algo insatisfecho
Bucaramanga,2015,Poco seguro,Ni satisfecho ni insatisfecho
Bucaramanga,2015,Seguro,Ni satisfecho ni insatisfecho
Bucaramanga,2015,Algo seguro,Ni satisfecho ni insatisfecho
Bucaramanga,2015,Muy seguro,Algo satisfecho
Bucaramanga,2015,Seguro,Ni satisfecho ni insatisfecho
Bucaramanga,2015,Algo seguro,Ni satisfecho ni insatisfecho
Bucaramanga,2015,Algo seguro,Muy insatisfecho
Bucaramanga,2015,Algo seguro,Ni satisfecho ni insatisfecho
Bucaramanga,2015,Algo seguro,Algo insatisfecho
Bucaramanga,2015,Algo seguro,Ni satisfecho ni insatisfecho
Bucaramanga,2015,Poco seguro,Muy insatisfecho
Bucaramanga,2015,Muy seguro,Ni satisfecho ni insatisfecho
Bucaramanga,2015,Muy seguro,Algo insatisfecho
Bucaramanga,2015,Seguro,Algo satisfecho
Bucaramanga,2015,Algo seguro,Algo satisfecho
Bucaramanga,2015,Poco seguro,Algo satisfecho
Bucaramanga,2015,Seguro,Ni satisfecho ni insatisfecho
Bucaramanga,2015,Seguro,Algo satisfecho
Bucaramanga,2015,Seguro,Ni satisfecho ni insatisfecho
Bucaramanga,2015,Seguro,Algo satisfecho
Bucaramanga,2015,Seguro,Algo satisfecho
Bucaramanga,2015,Seguro,Ni satisfecho ni insatisfecho
Bucaramanga,2015,Algo seguro,Algo satisfecho
Bucaramanga,2015,Algo seguro,Ni satisfecho ni insatisfecho
Bucaramanga,2015,Algo seguro,Ni satisfecho ni insatisfecho
Bucaramanga,2015,Seguro,Algo satisfecho
Bucaramanga,2015,Poco seguro,Muy satisfecho
Bucaramanga,2015,Algo seguro,Muy insatisfecho
Bucaramanga,2015,Seguro,Ni satisfecho ni insatisfecho
Bucaramanga,2015,Seguro,Muy insatisfecho
Bucaramanga,2015,Seguro,Muy insatisfecho
Bucaramanga,2015,Seguro,Ni satisfecho ni insatisfecho
Bucaramanga,2015,Seguro,Algo satisfecho
Bucaramanga,2015,Algo seguro,Algo satisfecho
Bucaramanga,2015,Poco seguro,Algo satisfecho
Bucaramanga,2015,Seguro,Ni satisfecho ni insatisfecho
Bucaramanga,2015,Algo seguro,Algo satisfecho
Bucaramanga,2015,Seguro,Algo insatisfecho
Bucaramanga,2015,Poco seguro,Ni satisfecho ni insatisfecho
Bucaramanga,2015,Muy seguro,Algo satisfecho
Bucaramanga,2015,Seguro,Ni satisfecho ni insatisfecho
Bucaramanga,2015,Seguro,Ni satisfecho ni insatisfecho
Bucaramanga,2015,Algo seguro,Ni satisfecho ni insatisfecho
Bucaramanga,2015,Algo seguro,Ni satisfecho ni insatisfecho
Bucaramanga,2015,Algo seguro,Ni satisfecho ni insatisfecho
Bucaramanga,2015,Seguro,Ni satisfecho ni insatisfecho
Bucaramanga,2015,Seguro,Algo satisfecho
Bucaramanga,2015,Seguro,Ni satisfecho ni insatisfecho
Bucaramanga,2015,Muy seguro,Ni satisfecho ni insatisfecho
Bucaramanga,2015,Muy seguro,Muy satisfecho
Bucaramanga,2015,Algo seguro,Algo satisfecho
Bucaramanga,2015,Muy seguro,Algo insatisfecho
Bucaramanga,2015,Seguro,Ni satisfecho ni insatisfecho
Bucaramanga,2015,Muy seguro,Algo satisfecho
Bucaramanga,2015,Muy seguro,Muy satisfecho
Bucaramanga,2015,Seguro,Muy insatisfecho
Bucaramanga,2015,Algo seguro,Ni satisfecho ni insatisfecho
Bucaramanga,2015,Seguro,Ni satisfecho ni insatisfecho
Bucaramanga,2015,Algo seguro,Ni satisfecho ni insatisfecho
Bucaramanga,2015,Muy seguro,Ni satisfecho ni insatisfecho
Bucaramanga,2015,Algo seguro,Muy insatisfecho
Bucaramanga,2015,Algo seguro,Algo satisfecho
Bucaramanga,2015,Seguro,Ni satisfecho ni insatisfecho
Bucaramanga,2015,Algo seguro,Algo insatisfecho
Bucaramanga,2015,Algo seguro,Algo satisfecho
Bucaramanga,2015,Algo seguro,Algo insatisfecho
Bucaramanga,2015,Muy seguro,Ni satisfecho ni insatisfecho
Bucaramanga,2015,Seguro,Ni satisfecho ni insatisfecho
Bucaramanga,2015,Algo seguro,Algo satisfecho
Bucaramanga,2015,Seguro,Algo satisfecho
Bucaramanga,2015,Muy seguro,Algo insatisfecho
Bucaramanga,2015,Poco seguro,Ni satisfecho ni insatisfecho
Bucaramanga,2015,Algo seguro,Algo insatisfecho
Bucaramanga,2015,Muy seguro,Ni satisfecho ni insatisfecho
Bucaramanga,2015,Poco seguro,Ni satisfecho ni insatisfecho
Bucaramanga,2015,Algo seguro,Algo satisfecho
Bucaramanga,2015,Algo seguro,Ni satisfecho ni insatisfecho
Bucaramanga,2015,Seguro,Ni satisfecho ni insatisfecho
Bucaramanga,2015,Seguro,Algo satisfecho
Bucaramanga,2015,Poco seguro,Ni satisfecho ni insatisfecho
Bucaramanga,2015,Seguro,Algo satisfecho
Bucaramanga,2015,Algo seguro,Ni satisfecho ni insatisfecho
Bucaramanga,2015,Seguro,Ni satisfecho ni insatisfecho
Bucaramanga,2015,Seguro,Ni satisfecho ni insatisfecho
Bucaramanga,2015,Seguro,Ni satisfecho ni insatisfecho
Bucaramanga,2015,Muy seguro,Ni satisfecho ni insatisfecho
Bucaramanga,2015,Muy seguro,Ni satisfecho ni insatisfecho
Bucaramanga,2015,Seguro,Algo insatisfecho
Bucaramanga,2015,Seguro,Ni satisfecho ni insatisfecho
Bucaramanga,2015,Poco seguro,Ni satisfecho ni insatisfecho
Bucaramanga,2015,Muy seguro,Ni satisfecho ni insatisfecho
Bucaramanga,2015,Seguro,Ni satisfecho ni insatisfecho
Bucaramanga,2015,Seguro,Algo satisfecho
Bucaramanga,2015,Algo seguro,Ni satisfecho ni insatisfecho
Bucaramanga,2015,Poco seguro,Algo satisfecho
Bucaramanga,2015,Muy seguro,Algo insatisfecho
Bucaramanga,2015,Muy seguro,Algo insatisfecho
Bucaramanga,2015,Muy seguro,Algo insatisfecho
Bucaramanga,2015,Seguro,Ni satisfecho ni insatisfecho
Bucaramanga,2015,Muy seguro,Ni satisfecho ni insatisfecho
Bucaramanga,2015,Algo seguro,Ni satisfecho ni insatisfecho
Bucaramanga,2015,Algo seguro,Ni satisfecho ni insatisfecho
Bucaramanga,2015,Muy seguro,Algo insatisfecho
Bucaramanga,2015,Muy seguro,Algo insatisfecho
Bucaramanga,2015,Muy seguro,Algo satisfecho
Bucaramanga,2015,Seguro,Algo satisfecho
Bucaramanga,2015,Seguro,Ni satisfecho ni insatisfecho
Bucaramanga,2015,Muy seguro,Ni satisfecho ni insatisfecho
Bucaramanga,2015,Seguro,Ni satisfecho ni insatisfecho
Bucaramanga,2015,Seguro,Ni satisfecho ni insatisfecho
Bucaramanga,2015,Seguro,Ni satisfecho ni insatisfecho
Bucaramanga,2015,Poco seguro,Algo insatisfecho
Bucaramanga,2015,Seguro,Algo insatisfecho
Bucaramanga,2015,Muy seguro,Muy satisfecho
Bucaramanga,2015,Muy seguro,Ni satisfecho ni insatisfecho
Bucaramanga,2015,Poco seguro,Algo satisfecho
Bucaramanga,2015,Seguro,Ni satisfecho ni insatisfecho
Bucaramanga,2015,Seguro,Ni satisfecho ni insatisfecho
Bucaramanga,2015,Poco seguro,Ni satisfecho ni insatisfecho
Bucaramanga,2015,Algo seguro,Algo satisfecho
Bucaramanga,2015,Seguro,Ni satisfecho ni insatisfecho
Bucaramanga,2015,Algo seguro,Algo satisfecho
Bucaramanga,2015,Seguro,Algo satisfecho
Bucaramanga,2015,Muy seguro,Algo satisfecho
Bucaramanga,2015,Algo seguro,Algo satisfecho
Bucaramanga,2015,Poco seguro,Ni satisfecho ni insatisfecho
Bucaramanga,2015,Seguro,Ni satisfecho ni insatisfecho
Bucaramanga,2015,Seguro,Algo insatisfecho
Bucaramanga,2015,Muy seguro,Algo insatisfecho
Bucaramanga,2015,Seguro,Ni satisfecho ni insatisfecho
Bucaramanga,2015,Seguro,Muy insatisfecho
Bucaramanga,2015,Algo seguro,Algo insatisfecho
Bucaramanga,2015,Algo seguro,Muy insatisfecho
Bucaramanga,2015,Muy seguro,Ni satisfecho ni insatisfecho
Bucaramanga,2015,Muy seguro,Muy satisfecho
Bucaramanga,2016,Seguro,Ni satisfecho ni insatisfecho
Bucaramanga,2016,Poco seguro,Algo insatisfecho
Bucaramanga,2016,Seguro,Ni satisfecho ni insatisfecho
Bucaramanga,2016,Seguro,Ni satisfecho ni insatisfecho
Bucaramanga,2016,Seguro,Algo insatisfecho
Bucaramanga,2016,Poco seguro,Muy insatisfecho
Bucaramanga,2016,Seguro,Algo insatisfecho
Bucaramanga,2016,Algo seguro,Ni satisfecho ni insatisfecho
Bucaramanga,2016,Seguro,Ni satisfecho ni insatisfecho
Bucaramanga,2016,Algo seguro,Algo insatisfecho
Bucaramanga,2016,Muy seguro,Algo insatisfecho
Bucaramanga,2016,Algo seguro,Muy satisfecho
Bucaramanga,2016,Seguro,Algo satisfecho
Bucaramanga,2016,Seguro,Ni satisfecho ni insatisfecho
Bucaramanga,2016,Algo seguro,Algo insatisfecho
Bucaramanga,2016,Seguro,Algo insatisfecho
Bucaramanga,2016,Muy seguro,Muy insatisfecho
Bucaramanga,2016,Algo seguro,Muy insatisfecho
Bucaramanga,2016,Seguro,Algo insatisfecho
Bucaramanga,2016,Seguro,Algo satisfecho
Bucaramanga,2016,Seguro,Muy insatisfecho
Bucaramanga,2016,Muy seguro,Algo insatisfecho
Bucaramanga,2016,Seguro,Ni satisfecho ni insatisfecho
Bucaramanga,2016,Muy seguro,Muy satisfecho
Bucaramanga,2016,Algo seguro,Muy insatisfecho
Bucaramanga,2016,Algo seguro,Muy insatisfecho
Bucaramanga,2016,Algo seguro,Algo insatisfecho
Bucaramanga,2016,Poco seguro,Muy insatisfecho
Bucaramanga,2016,Poco seguro,Algo insatisfecho
Bucaramanga,2016,Seguro,Algo satisfecho
Bucaramanga,2016,Seguro,Muy insatisfecho
Bucaramanga,2016,Seguro,Muy insatisfecho
Bucaramanga,2016,Algo seguro,Algo insatisfecho
Bucaramanga,2016,Poco seguro,Muy insatisfecho
Bucaramanga,2016,Seguro,Algo satisfecho
Bucaramanga,2016,Muy seguro,Muy satisfecho
Bucaramanga,2016,Muy seguro,Muy insatisfecho
Bucaramanga,2016,Seguro,Algo insatisfecho
Bucaramanga,2016,Poco seguro,Muy insatisfecho
Bucaramanga,2016,Seguro,Ni satisfecho ni insatisfecho
Bucaramanga,2016,Poco seguro,Muy insatisfecho
Bucaramanga,2016,Algo seguro,Muy insatisfecho
Bucaramanga,2016,Poco seguro,Algo insatisfecho
Bucaramanga,2016,Algo seguro,Algo insatisfecho
Bucaramanga,2016,Algo seguro,Muy insatisfecho
Bucaramanga,2016,Algo seguro,Ni satisfecho ni insatisfecho
Bucaramanga,2016,Muy seguro,Muy satisfecho
Bucaramanga,2016,Algo seguro,Algo insatisfecho
Bucaramanga,2016,Algo seguro,Ni satisfecho ni insatisfecho
Bucaramanga,2016,Nada seguro,Muy insatisfecho
Bucaramanga,2016,Poco seguro,Ni satisfecho ni insatisfecho
Bucaramanga,2016,Seguro,Muy satisfecho
Bucaramanga,2016,Seguro,Algo insatisfecho
Bucaramanga,2016,Algo seguro,Muy insatisfecho
Bucaramanga,2016,Muy seguro,Ni satisfecho ni insatisfecho
Bucaramanga,2016,Algo seguro,Muy insatisfecho
Bucaramanga,2016,Poco seguro,Muy insatisfecho
Bucaramanga,2016,Seguro,Algo satisfecho
Bucaramanga,2016,Seguro,Ni satisfecho ni insatisfecho
Bucaramanga,2016,Muy seguro,Muy insatisfecho
Bucaramanga,2016,Algo seguro,Muy insatisfecho
Bucaramanga,2016,Algo seguro,Algo insatisfecho
Bucaramanga,2016,Seguro,Ni satisfecho ni insatisfecho
Bucaramanga,2016,Seguro,Ni satisfecho ni insatisfecho
Bucaramanga,2016,Muy seguro,Muy insatisfecho
Bucaramanga,2016,Seguro,Muy insatisfecho
Bucaramanga,2016,Algo seguro,Muy insatisfecho
Bucaramanga,2016,Algo seguro,Ni satisfecho ni insatisfecho
Bucaramanga,2016,Muy seguro,Algo insatisfecho
Bucaramanga,2016,Seguro,Muy insatisfecho
Bucaramanga,2016,Nada seguro,Muy insatisfecho
Bucaramanga,2016,Seguro,Algo insatisfecho
Bucaramanga,2016,Muy seguro,Ni satisfecho ni insatisfecho
Bucaramanga,2016,Algo seguro,Muy insatisfecho
Bucaramanga,2016,Muy seguro,Algo satisfecho
Bucaramanga,2016,Muy seguro,Ni satisfecho ni insatisfecho
Bucaramanga,2016,Algo seguro,Ni satisfecho ni insatisfecho
Bucaramanga,2016,Seguro,Muy insatisfecho
Bucaramanga,2016,Seguro,Ni satisfecho ni insatisfecho
Bucaramanga,2016,Muy seguro,Muy insatisfecho
Bucaramanga,2016,Nada seguro,Algo insatisfecho
Bucaramanga,2016,Seguro,Ni satisfecho ni insatisfecho
Bucaramanga,2016,Seguro,Muy insatisfecho
Bucaramanga,2016,Seguro,Ni satisfecho ni insatisfecho
Bucaramanga,2016,Seguro,Ni satisfecho ni insatisfecho
Bucaramanga,2016,Poco seguro,Ni satisfecho ni insatisfecho
Bucaramanga,2016,Muy seguro,Muy satisfecho
Bucaramanga,2016,Algo seguro,Muy insatisfecho
Bucaramanga,2016,Algo seguro,Ni satisfecho ni insatisfecho
Bucaramanga,2016,Poco seguro,Muy insatisfecho
Bucaramanga,2016,Muy seguro,Algo insatisfecho
Bucaramanga,2016,Seguro,Algo insatisfecho
Bucaramanga,2016,Seguro,Ni satisfecho ni insatisfecho
Bucaramanga,2016,Algo seguro,Algo insatisfecho
Bucaramanga,2016,Seguro,Muy insatisfecho
Bucaramanga,2016,Seguro,Muy insatisfecho
Bucaramanga,2016,Muy seguro,Ni satisfecho ni insatisfecho
Bucaramanga,2016,Seguro,Algo insatisfecho
Bucaramanga,2016,Seguro,Algo insatisfecho
Bucaramanga,2016,Poco seguro,Algo insatisfecho
Bucaramanga,2016,Algo seguro,Muy insatisfecho
Bucaramanga,2016,Seguro,Muy insatisfecho
Bucaramanga,2016,Seguro,Ni satisfecho ni insatisfecho
Bucaramanga,2016,Seguro,Muy insatisfecho
Bucaramanga,2016,Algo seguro,Algo insatisfecho
Bucaramanga,2016,Algo seguro,Algo insatisfecho
Bucaramanga,2016,Algo seguro,Muy insatisfecho
Bucaramanga,2016,Seguro,Algo insatisfecho
Bucaramanga,2016,Algo seguro,Algo satisfecho
Bucaramanga,2016,Algo seguro,Muy insatisfecho
Bucaramanga,2016,Seguro,Ni satisfecho ni insatisfecho
Bucaramanga,2016,Algo seguro,Algo insatisfecho
Bucaramanga,2016,Seguro,Ni satisfecho ni insatisfecho
Bucaramanga,2016,Algo seguro,Ni satisfecho ni insatisfecho
Bucaramanga,2016,Seguro,Muy insatisfecho
Bucaramanga,2016,Seguro,Ni satisfecho ni insatisfecho
Bucaramanga,2016,Seguro,Ni satisfecho ni insatisfecho
Bucaramanga,2016,Seguro,Ni satisfecho ni insatisfecho
Bucaramanga,2016,Muy seguro,Algo satisfecho
Bucaramanga,2016,Muy seguro,Ni satisfecho ni insatisfecho
Bucaramanga,2016,Poco seguro,Muy insatisfecho
Bucaramanga,2016,Algo seguro,Ni satisfecho ni insatisfecho
Bucaramanga,2016,Algo seguro,Ni satisfecho ni insatisfecho
Bucaramanga,2016,Algo seguro,Muy insatisfecho
Bucaramanga,2016,Seguro,Ni satisfecho ni insatisfecho
Bucaramanga,2016,Muy seguro,Algo satisfecho
Bucaramanga,2016,Poco seguro,Muy insatisfecho
Bucaramanga,2016,Algo seguro,Ni satisfecho ni insatisfecho
Bucaramanga,2016,Seguro,Ni satisfecho ni insatisfecho
Bucaramanga,2016,Seguro,Algo satisfecho
Bucaramanga,2016,Seguro,Muy satisfecho
Bucaramanga,2016,Poco seguro,Algo insatisfecho
Bucaramanga,2016,Muy seguro,Muy satisfecho
Bucaramanga,2016,Seguro,Ni satisfecho ni insatisfecho
Bucaramanga,2016,Muy seguro,Algo insatisfecho
Bucaramanga,2016,Muy seguro,Muy insatisfecho
Bucaramanga,2016,Seguro,Algo insatisfecho
Bucaramanga,2016,Poco seguro,Ni satisfecho ni insatisfecho
Bucaramanga,2016,Poco seguro,Muy satisfecho
Bucaramanga,2016,Poco seguro,Algo insatisfecho
Bucaramanga,2016,Poco seguro,Algo insatisfecho
Bucaramanga,2016,Algo seguro,Algo insatisfecho
Bucaramanga,2016,Seguro,Muy insatisfecho
Bucaramanga,2016,Algo seguro,Muy insatisfecho
Bucaramanga,2016,Muy seguro,Muy insatisfecho
Bucaramanga,2016,Seguro,Algo insatisfecho
Bucaramanga,2016,Seguro,Ni satisfecho ni insatisfecho
Bucaramanga,2016,Seguro,Muy insatisfecho
Bucaramanga,2016,Seguro,Algo satisfecho
Bucaramanga,2016,Algo seguro,Ni satisfecho ni insatisfecho
Bucaramanga,2016,Seguro,Algo insatisfecho
Bucaramanga,2016,Algo seguro,Muy insatisfecho
Bucaramanga,2016,Algo seguro,Muy insatisfecho
Bucaramanga,2016,Nada seguro,Muy insatisfecho
Bucaramanga,2016,Poco seguro,Muy insatisfecho
Bucaramanga,2016,Algo seguro,Muy insatisfecho
Bucaramanga,2016,Seguro,Ni satisfecho ni insatisfecho
Bucaramanga,2016,Algo seguro,Ni satisfecho ni insatisfecho
Bucaramanga,2016,Algo seguro,Algo insatisfecho
Bucaramanga,2016,Algo seguro,Muy insatisfecho
Bucaramanga,2016,Seguro,Muy insatisfecho
Bucaramanga,2016,Muy seguro,Muy insatisfecho
Bucaramanga,2016,Algo seguro,Algo satisfecho
Bucaramanga,2016,Nada seguro,Ni satisfecho ni insatisfecho
Bucaramanga,2016,Algo seguro,Muy insatisfecho
Bucaramanga,2016,Seguro,Muy insatisfecho
Bucaramanga,2016,Poco seguro,Algo satisfecho
Bucaramanga,2016,Muy seguro,Ni satisfecho ni insatisfecho
Bucaramanga,2016,Seguro,Ni satisfecho ni insatisfecho
Bucaramanga,2016,Seguro,Ni satisfecho ni insatisfecho
Bucaramanga,2016,Seguro,Ni satisfecho ni insatisfecho
Bucaramanga,2016,Seguro,Muy insatisfecho
Bucaramanga,2016,Algo seguro,Muy insatisfecho
Bucaramanga,2016,Muy seguro,Muy insatisfecho
Bucaramanga,2016,Algo seguro,Muy insatisfecho
Bucaramanga,2016,Algo seguro,Muy insatisfecho
Bucaramanga,2016,Seguro,Muy insatisfecho
Bucaramanga,2016,Seguro,Muy insatisfecho
Bucaramanga,2016,Seguro,Muy insatisfecho
Bucaramanga,2016,Seguro,Algo insatisfecho
Bucaramanga,2016,Seguro,Muy insatisfecho
Bucaramanga,2016,Algo seguro,Algo insatisfecho
Bucaramanga,2016,Algo seguro,Ni satisfecho ni insatisfecho
Bucaramanga,2016,Muy seguro,Algo insatisfecho
Bucaramanga,2016,Seguro,Algo satisfecho
Bucaramanga,2016,Algo seguro,Algo insatisfecho
Bucaramanga,2016,Seguro,Muy insatisfecho
Bucaramanga,2016,Muy seguro,Muy insatisfecho
Bucaramanga,2016,Seguro,Algo insatisfecho
Bucaramanga,2016,Seguro,Muy insatisfecho
Bucaramanga,2016,Seguro,Algo insatisfecho
Bucaramanga,2016,Muy seguro,Muy satisfecho
Bucaramanga,2016,Seguro,Muy insatisfecho
Bucaramanga,2016,Algo seguro,Muy insatisfecho
Bucaramanga,2016,Algo seguro,Muy insatisfecho
Bucaramanga,2016,Poco seguro,Muy insatisfecho
Bucaramanga,2016,Muy seguro,Algo insatisfecho
Bucaramanga,2016,Muy seguro,Ni satisfecho ni insatisfecho
Bucaramanga,2016,Algo seguro,Ni satisfecho ni insatisfecho
Bucaramanga,2016,Poco seguro,Muy insatisfecho
Bucaramanga,2016,Nada seguro,Muy insatisfecho
Bucaramanga,2016,Poco seguro,Ni satisfecho ni insatisfecho
Bucaramanga,2016,Poco seguro,Muy insatisfecho
Bucaramanga,2016,Muy seguro,Algo insatisfecho
Bucaramanga,2016,Poco seguro,Muy insatisfecho
Bucaramanga,2016,Seguro,Ni satisfecho ni insatisfecho
Bucaramanga,2016,Algo seguro,Muy insatisfecho
Bucaramanga,2016,Algo seguro,Muy insatisfecho
Bucaramanga,2016,Algo seguro,Muy insatisfecho
Bucaramanga,2016,Seguro,Muy insatisfecho
Bucaramanga,2016,Seguro,Muy insatisfecho
Bucaramanga,2016,Algo seguro,Ni satisfecho ni insatisfecho
Bucaramanga,2016,Nada seguro,Algo insatisfecho
Bucaramanga,2016,Algo seguro,Muy insatisfecho
Bucaramanga,2016,Nada seguro,Muy insatisfecho
Bucaramanga,2016,Algo seguro,Muy insatisfecho
Bucaramanga,2016,Seguro,Muy insatisfecho
Bucaramanga,2016,Algo seguro,Muy insatisfecho
Bucaramanga,2016,Algo seguro,Ni satisfecho ni insatisfecho
Bucaramanga,2016,Algo seguro,Ni satisfecho ni insatisfecho
Bucaramanga,2016,Algo seguro,Muy insatisfecho
Bucaramanga,2016,Nada seguro,Muy insatisfecho
Bucaramanga,2016,Seguro,Ni satisfecho ni insatisfecho
Bucaramanga,2016,Seguro,Algo insatisfecho
Bucaramanga,2016,Seguro,Muy insatisfecho
Bucaramanga,2016,Seguro,Ni satisfecho ni insatisfecho
Bucaramanga,2016,Muy seguro,Muy insatisfecho
Bucaramanga,2016,Seguro,Algo insatisfecho
Bucaramanga,2016,Algo seguro,Muy insatisfecho
Bucaramanga,2016,Poco seguro,Muy insatisfecho
Bucaramanga,2016,Seguro,Algo satisfecho
Bucaramanga,2016,Poco seguro,Muy insatisfecho
Bucaramanga,2016,Algo seguro,Algo insatisfecho
Bucaramanga,2016,Muy seguro,Ni satisfecho ni insatisfecho
Bucaramanga,2016,Seguro,Algo insatisfecho
Bucaramanga,2016,Nada seguro,Muy insatisfecho
Bucaramanga,2016,Algo seguro,Muy insatisfecho
Bucaramanga,2016,Algo seguro,Muy satisfecho
Bucaramanga,2016,Poco seguro,Muy insatisfecho
Bucaramanga,2016,Poco seguro,Muy insatisfecho
Bucaramanga,2016,Algo seguro,Muy insatisfecho
Bucaramanga,2016,Algo seguro,Algo insatisfecho
Bucaramanga,2016,Algo seguro,Muy insatisfecho
Bucaramanga,2016,Algo seguro,Muy insatisfecho
Bucaramanga,2016,Seguro,Algo insatisfecho
Bucaramanga,2016,Poco seguro,Muy insatisfecho
Bucaramanga,2016,Algo seguro,Ni satisfecho ni insatisfecho
Bucaramanga,2016,Algo seguro,Algo insatisfecho
Bucaramanga,2016,Algo seguro,Ni satisfecho ni insatisfecho
Bucaramanga,2016,Algo seguro,Muy insatisfecho
Bucaramanga,2016,Seguro,Algo satisfecho
Bucaramanga,2016,Algo seguro,Muy insatisfecho
Bucaramanga,2016,Algo seguro,Muy insatisfecho
Bucaramanga,2016,Muy seguro,Algo insatisfecho
Bucaramanga,2016,Algo seguro,Algo insatisfecho
Bucaramanga,2016,Algo seguro,Algo insatisfecho
Bucaramanga,2016,Muy seguro,Algo insatisfecho
Bucaramanga,2016,Seguro,Muy insatisfecho
Bucaramanga,2016,Algo seguro,Muy insatisfecho
Bucaramanga,2016,Poco seguro,Muy insatisfecho
Bucaramanga,2016,Seguro,Ni satisfecho ni insatisfecho
Bucaramanga,2016,Seguro,Algo insatisfecho
Bucaramanga,2016,Algo seguro,Algo satisfecho
Bucaramanga,2016,Seguro,Algo satisfecho
Bucaramanga,2016,Seguro,Algo insatisfecho
Bucaramanga,2016,Algo seguro,Muy insatisfecho
Bucaramanga,2016,Seguro,Algo insatisfecho
Bucaramanga,2016,Algo seguro,Ni satisfecho ni insatisfecho
Bucaramanga,2016,Algo seguro,Muy insatisfecho
Bucaramanga,2016,Algo seguro,Ni satisfecho ni insatisfecho
Bucaramanga,2016,Algo seguro,Muy insatisfecho
Bucaramanga,2016,Algo seguro,Ni satisfecho ni insatisfecho
Bucaramanga,2016,Algo seguro,Algo satisfecho
Bucaramanga,2016,Algo seguro,Muy insatisfecho
Bucaramanga,2016,Nada seguro,Algo satisfecho
Bucaramanga,2016,Algo seguro,Algo insatisfecho
Bucaramanga,2016,Seguro,Muy insatisfecho
Bucaramanga,2016,Algo seguro,Ni satisfecho ni insatisfecho
Bucaramanga,2016,Algo seguro,Algo insatisfecho
Bucaramanga,2016,Algo seguro,Algo satisfecho
Bucaramanga,2016,Algo seguro,Muy insatisfecho
Bucaramanga,2016,Algo seguro,Ni satisfecho ni insatisfecho
Bucaramanga,2016,Algo seguro,Muy insatisfecho
Bucaramanga,2016,Seguro,Algo insatisfecho
Bucaramanga,2016,Poco seguro,Algo insatisfecho
Bucaramanga,2016,Seguro,Algo insatisfecho
Bucaramanga,2016,Seguro,Algo satisfecho
Bucaramanga,2016,Seguro,Algo insatisfecho
Bucaramanga,2016,Seguro,Ni satisfecho ni insatisfecho
Bucaramanga,2016,Algo seguro,Algo insatisfecho
Bucaramanga,2016,Seguro,Ni satisfecho ni insatisfecho
Bucaramanga,2016,Algo seguro,Algo insatisfecho
Bucaramanga,2016,Muy seguro,Muy satisfecho
Bucaramanga,2016,Seguro,Muy insatisfecho
Bucaramanga,2016,Seguro,Ni satisfecho ni insatisfecho
Bucaramanga,2016,Muy seguro,Muy satisfecho
Bucaramanga,2016,Muy seguro,Muy insatisfecho
Bucaramanga,2016,Seguro,Algo insatisfecho
Bucaramanga,2016,Algo seguro,Muy insatisfecho
Bucaramanga,2016,Algo seguro,Ni satisfecho ni insatisfecho
Bucaramanga,2016,Seguro,Algo insatisfecho
Bucaramanga,2016,Nada seguro,Muy insatisfecho
Bucaramanga,2016,Seguro,Ni satisfecho ni insatisfecho
Bucaramanga,2016,Seguro,Muy insatisfecho
Bucaramanga,2016,Algo seguro,Muy insatisfecho
Bucaramanga,2016,Muy seguro,Muy satisfecho
Bucaramanga,2016,Muy seguro,Muy satisfecho
Bucaramanga,2016,Muy seguro,Algo satisfecho
Bucaramanga,2016,Algo seguro,Algo insatisfecho
Bucaramanga,2016,Seguro,Muy insatisfecho
Bucaramanga,2016,Algo seguro,Algo insatisfecho
Bucaramanga,2016,Algo seguro,Muy insatisfecho
Bucaramanga,2016,Muy seguro,Algo insatisfecho
Bucaramanga,2016,Poco seguro,Muy insatisfecho
Bucaramanga,2016,Muy seguro,Algo satisfecho
Bucaramanga,2016,Algo seguro,Algo insatisfecho
Bucaramanga,2016,Poco seguro,Muy insatisfecho
Bucaramanga,2016,Seguro,Muy insatisfecho
Bucaramanga,2016,Algo seguro,Muy insatisfecho
Bucaramanga,2016,Seguro,Ni satisfecho ni insatisfecho
Bucaramanga,2016,Seguro,Algo satisfecho
Bucaramanga,2016,Algo seguro,Algo satisfecho
Bucaramanga,2016,Seguro,Muy insatisfecho
Bucaramanga,2016,Algo seguro,Ni satisfecho ni insatisfecho
Bucaramanga,2016,Algo seguro,Algo insatisfecho
Bucaramanga,2016,Algo seguro,Algo insatisfecho
Bucaramanga,2016,Seguro,Ni satisfecho ni insatisfecho
Bucaramanga,2016,Poco seguro,Muy insatisfecho
Bucaramanga,2016,Seguro,Muy insatisfecho
Bucaramanga,2016,Algo seguro,Ni satisfecho ni insatisfecho
Bucaramanga,2016,Seguro,Ni satisfecho ni insatisfecho
Bucaramanga,2016,Seguro,Muy insatisfecho
Bucaramanga,2016,Seguro,Ni satisfecho ni insatisfecho
Bucaramanga,2016,Seguro,Algo insatisfecho
Bucaramanga,2016,Poco seguro,Muy insatisfecho
Bucaramanga,2016,Algo seguro,Muy insatisfecho
Bucaramanga,2016,Poco seguro,Muy insatisfecho
Bucaramanga,2016,Seguro,Muy insatisfecho
Bucaramanga,2016,Poco seguro,Muy insatisfecho
Bucaramanga,2016,Muy seguro,Algo satisfecho
Bucaramanga,2016,Muy seguro,Muy insatisfecho
Bucaramanga,2016,Algo seguro,Algo insatisfecho
Bucaramanga,2016,Seguro,Ni satisfecho ni insatisfecho
Bucaramanga,2016,Algo seguro,Muy insatisfecho
Bucaramanga,2016,Seguro,Ni satisfecho ni insatisfecho
Bucaramanga,2016,Nada seguro,Algo satisfecho
Bucaramanga,2016,Seguro,Ni satisfecho ni insatisfecho
Bucaramanga,2016,Algo seguro,Algo insatisfecho
Bucaramanga,2016,Algo seguro,Algo insatisfecho
Bucaramanga,2016,Algo seguro,Muy insatisfecho
Bucaramanga,2016,Algo seguro,Ni satisfecho ni insatisfecho
Bucaramanga,2016,Poco seguro,Muy insatisfecho
Bucaramanga,2016,Poco seguro,Muy insatisfecho
Bucaramanga,2016,Algo seguro,Ni satisfecho ni insatisfecho
Bucaramanga,2016,Seguro,Muy satisfecho
Bucaramanga,2016,Nada seguro,Algo insatisfecho
Bucaramanga,2016,Algo seguro,Muy insatisfecho
Bucaramanga,2016,Poco seguro,Muy insatisfecho
Bucaramanga,2016,Seguro,Algo insatisfecho
Bucaramanga,2016,Algo seguro,Algo satisfecho
Bucaramanga,2016,Seguro,Algo insatisfecho
Bucaramanga,2016,Poco seguro,Ni satisfecho ni insatisfecho
Bucaramanga,2016,Seguro,Ni satisfecho ni insatisfecho
Bucaramanga,2016,Seguro,Muy insatisfecho
Bucaramanga,2016,Poco seguro,Algo insatisfecho
Bucaramanga,2016,Algo seguro,Algo insatisfecho
Bucaramanga,2016,Seguro,Ni satisfecho ni insatisfecho
Bucaramanga,2016,Algo seguro,Muy insatisfecho
Bucaramanga,2016,Algo seguro,Muy insatisfecho
Bucaramanga,2016,Algo seguro,Algo insatisfecho
Bucaramanga,2016,Algo seguro,Algo insatisfecho
Bucaramanga,2016,Seguro,Ni satisfecho ni insatisfecho
Bucaramanga,2016,Nada seguro,Muy insatisfecho
Bucaramanga,2016,Seguro,Ni satisfecho ni insatisfecho
Bucaramanga,2016,Algo seguro,Algo insatisfecho
Bucaramanga,2016,Seguro,Ni satisfecho ni insatisfecho
Bucaramanga,2016,Seguro,Muy insatisfecho
Bucaramanga,2016,Seguro,Algo insatisfecho
Bucaramanga,2016,Seguro,Ni satisfecho ni insatisfecho
Bucaramanga,2016,Algo seguro,Algo insatisfecho
Bucaramanga,2016,Seguro,Algo insatisfecho
Bucaramanga,2016,Seguro,Algo insatisfecho
Bucaramanga,2016,Algo seguro,Muy insatisfecho
Bucaramanga,2016,Seguro,Algo insatisfecho
Bucaramanga,2016,Seguro,Algo insatisfecho
Bucaramanga,2016,Seguro,Algo insatisfecho
Bucaramanga,2016,Algo seguro,Muy insatisfecho
Bucaramanga,2016,Poco seguro,Muy insatisfecho
Bucaramanga,2016,Poco seguro,Muy insatisfecho
Bucaramanga,2016,Nada seguro,Muy insatisfecho
Bucaramanga,2016,Seguro,Algo insatisfecho
Bucaramanga,2016,Seguro,Algo insatisfecho
Bucaramanga,2016,Poco seguro,Muy insatisfecho
Bucaramanga,2016,Poco seguro,Muy insatisfecho
Bucaramanga,2016,Algo seguro,Ni satisfecho ni insatisfecho
Bucaramanga,2016,Poco seguro,Muy insatisfecho
Bucaramanga,2016,Algo seguro,Ni satisfecho ni insatisfecho
Bucaramanga,2016,Poco seguro,Muy insatisfecho
Bucaramanga,2016,Muy seguro,Muy satisfecho
Bucaramanga,2016,Algo seguro,Muy insatisfecho
Bucaramanga,2016,Algo seguro,Muy insatisfecho
Bucaramanga,2016,Seguro,Ni satisfecho ni insatisfecho
Bucaramanga,2016,Poco seguro,Muy insatisfecho
Bucaramanga,2016,Seguro,Muy insatisfecho
Bucaramanga,2016,Nada seguro,Muy insatisfecho
Bucaramanga,2016,Muy seguro,Muy insatisfecho
Bucaramanga,2016,Poco seguro,Muy insatisfecho
Bucaramanga,2016,Algo seguro,Algo insatisfecho
Bucaramanga,2016,Poco seguro,Muy insatisfecho
Bucaramanga,2016,Seguro,Ni satisfecho ni insatisfecho
Bucaramanga,2016,Algo seguro,Algo insatisfecho
Bucaramanga,2016,Seguro,Muy insatisfecho
Bucaramanga,2016,Seguro,Ni satisfecho ni insatisfecho
Bucaramanga,2016,Algo seguro,Algo insatisfecho
Bucaramanga,2016,Algo seguro,Muy insatisfecho
Bucaramanga,2016,Algo seguro,Algo insatisfecho
Bucaramanga,2016,Algo seguro,Muy insatisfecho
Bucaramanga,2016,Seguro,Ni satisfecho ni insatisfecho
Bucaramanga,2016,Seguro,Algo satisfecho
Bucaramanga,2016,Algo seguro,Muy insatisfecho
Bucaramanga,2016,Muy seguro,Algo satisfecho
Bucaramanga,2016,Poco seguro,Algo insatisfecho
Bucaramanga,2016,Algo seguro,Ni satisfecho ni insatisfecho
Bucaramanga,2016,Muy seguro,Algo satisfecho
Bucaramanga,2016,Muy seguro,Muy insatisfecho
Bucaramanga,2016,Algo seguro,Algo insatisfecho
Bucaramanga,2016,Seguro,Muy insatisfecho
Bucaramanga,2016,Muy seguro,Algo satisfecho
Bucaramanga,2016,Nada seguro,Muy insatisfecho
Bucaramanga,2016,Muy seguro,Ni satisfecho ni insatisfecho
Bucaramanga,2016,Poco seguro,Ni satisfecho ni insatisfecho
Bucaramanga,2016,Algo seguro,Algo insatisfecho
Bucaramanga,2016,Algo seguro,Ni satisfecho ni insatisfecho
Bucaramanga,2016,Algo seguro,Ni satisfecho ni insatisfecho
Bucaramanga,2016,Algo seguro,Ni satisfecho ni insatisfecho
Bucaramanga,2016,Seguro,Algo insatisfecho
Bucaramanga,2016,Algo seguro,Muy insatisfecho
Bucaramanga,2016,Poco seguro,Ni satisfecho ni insatisfecho
Bucaramanga,2016,Algo seguro,Ni satisfecho ni insatisfecho
Bucaramanga,2016,Muy seguro,Muy insatisfecho
Bucaramanga,2016,Algo seguro,Muy insatisfecho
Bucaramanga,2016,Seguro,Muy insatisfecho
Bucaramanga,2016,Muy seguro,Ni satisfecho ni insatisfecho
Bucaramanga,2016,Seguro,Algo insatisfecho
Bucaramanga,2016,Algo seguro,Algo insatisfecho
Bucaramanga,2016,Nada seguro,Muy insatisfecho
Bucaramanga,2016,Poco seguro,Muy insatisfecho
Bucaramanga,2016,Nada seguro,Muy insatisfecho
Bucaramanga,2016,Poco seguro,Muy insatisfecho
Bucaramanga,2016,Algo seguro,Algo insatisfecho
Bucaramanga,2016,Seguro,Algo insatisfecho
Bucaramanga,2016,Algo seguro,Ni satisfecho ni insatisfecho
Bucaramanga,2016,Seguro,Muy insatisfecho
Bucaramanga,2016,Seguro,Algo insatisfecho
Bucaramanga,2016,Algo seguro,Ni satisfecho ni insatisfecho
Bucaramanga,2016,Seguro,Algo insatisfecho
Bucaramanga,2016,Seguro,Algo insatisfecho
Bucaramanga,2016,Seguro,Algo insatisfecho
Bucaramanga,2016,Seguro,Algo insatisfecho
Bucaramanga,2016,Seguro,Muy insatisfecho
Bucaramanga,2016,Seguro,Algo insatisfecho
Bucaramanga,2016,Seguro,Algo insatisfecho
Bucaramanga,2016,Poco seguro,Ni satisfecho ni insatisfecho
Bucaramanga,2016,Seguro,Algo insatisfecho
Bucaramanga,2016,Seguro,Ni satisfecho ni insatisfecho
Bucaramanga,2016,Seguro,Ni satisfecho ni insatisfecho
Bucaramanga,2016,Muy seguro,Algo satisfecho
Bucaramanga,2016,Algo seguro,Ni satisfecho ni insatisfecho
Bucaramanga,2016,Muy seguro,Algo satisfecho
Bucaramanga,2016,Poco seguro,Muy insatisfecho
Bucaramanga,2016,Nada seguro,Muy insatisfecho
Bucaramanga,2016,Seguro,Muy insatisfecho
Bucaramanga,2016,Algo seguro,Ni satisfecho ni insatisfecho
Bucaramanga,2016,Seguro,Muy insatisfecho
Bucaramanga,2016,Algo seguro,Muy insatisfecho
Bucaramanga,2016,Algo seguro,Muy insatisfecho
Bucaramanga,2016,Algo seguro,Algo insatisfecho
Bucaramanga,2016,Poco seguro,Muy insatisfecho
Bucaramanga,2016,Algo seguro,Muy insatisfecho
Bucaramanga,2016,Muy seguro,Muy insatisfecho
Bucaramanga,2016,Muy seguro,Muy insatisfecho
Bucaramanga,2016,Algo seguro,Ni satisfecho ni insatisfecho
Bucaramanga,2016,Algo seguro,Muy insatisfecho
Bucaramanga,2016,Seguro,Muy insatisfecho
Bucaramanga,2016,Muy seguro,Ni satisfecho ni insatisfecho
Bucaramanga,2016,Algo seguro,Muy insatisfecho
Bucaramanga,2016,Muy seguro,Muy insatisfecho
Bucaramanga,2016,Seguro,Ni satisfecho ni insatisfecho
Bucaramanga,2016,Seguro,Muy insatisfecho
Bucaramanga,2016,Seguro,Muy insatisfecho
Bucaramanga,2016,Algo seguro,Muy insatisfecho
Bucaramanga,2016,Muy seguro,Ni satisfecho ni insatisfecho
Bucaramanga,2016,Seguro,Algo insatisfecho
Bucaramanga,2016,Seguro,Algo insatisfecho
Bucaramanga,2016,Seguro,Ni satisfecho ni insatisfecho
Bucaramanga,2016,Poco seguro,Muy insatisfecho
Bucaramanga,2016,Algo seguro,Muy insatisfecho
Bucaramanga,2016,Algo seguro,Ni satisfecho ni insatisfecho
Bucaramanga,2016,Seguro,Algo insatisfecho
Bucaramanga,2016,Seguro,Muy insatisfecho
Bucaramanga,2016,Algo seguro,Muy insatisfecho
Bucaramanga,2016,Seguro,Algo insatisfecho
Bucaramanga,2016,Algo seguro,Muy insatisfecho
Bucaramanga,2016,Seguro,Algo satisfecho
Bucaramanga,2016,Algo seguro,Muy insatisfecho
Bucaramanga,2016,Seguro,Ni satisfecho ni insatisfecho
Bucaramanga,2016,Seguro,Ni satisfecho ni insatisfecho
Bucaramanga,2016,Algo seguro,Muy insatisfecho
Bucaramanga,2016,Algo seguro,Algo insatisfecho
Bucaramanga,2016,Seguro,Algo insatisfecho
Bucaramanga,2016,Seguro,Algo insatisfecho
Bucaramanga,2016,Nada seguro,Muy satisfecho
Bucaramanga,2016,Algo seguro,Ni satisfecho ni insatisfecho
Bucaramanga,2016,Algo seguro,Ni satisfecho ni insatisfecho
Bucaramanga,2016,Poco seguro,Muy insatisfecho
Bucaramanga,2016,Algo seguro,Muy insatisfecho
Bucaramanga,2016,Seguro,Algo insatisfecho
Bucaramanga,2016,Algo seguro,Muy insatisfecho
Bucaramanga,2016,Nada seguro,Muy insatisfecho
Bucaramanga,2016,Muy seguro,Ni satisfecho ni insatisfecho
Bucaramanga,2016,Seguro,Ni satisfecho ni insatisfecho
Bucaramanga,2016,Algo seguro,Algo satisfecho
Bucaramanga,2016,Seguro,Muy insatisfecho
Bucaramanga,2016,Seguro,Muy insatisfecho
Bucaramanga,2016,Algo seguro,Muy insatisfecho
Bucaramanga,2016,Poco seguro,Algo insatisfecho
Bucaramanga,2016,Poco seguro,Muy insatisfecho
Bucaramanga,2016,Algo seguro,Algo insatisfecho
Bucaramanga,2016,Algo seguro,Muy insatisfecho
Bucaramanga,2016,Muy seguro,Muy insatisfecho
Bucaramanga,2016,Nada seguro,Algo insatisfecho
Bucaramanga,2016,Seguro,Algo insatisfecho
Bucaramanga,2016,Algo seguro,Algo insatisfecho
Bucaramanga,2016,Seguro,Muy insatisfecho
Bucaramanga,2016,Seguro,Algo satisfecho
Bucaramanga,2016,Poco seguro,Muy insatisfecho
Bucaramanga,2016,Muy seguro,Muy insatisfecho
Bucaramanga,2016,Algo seguro,Algo insatisfecho
Bucaramanga,2016,Algo seguro,Muy insatisfecho
Bucaramanga,2016,Seguro,Muy insatisfecho
Bucaramanga,2016,Algo seguro,Ni satisfecho ni insatisfecho
Bucaramanga,2016,Nada seguro,Muy insatisfecho
Bucaramanga,2016,Seguro,Algo insatisfecho
Bucaramanga,2016,Algo seguro,Muy insatisfecho
Bucaramanga,2016,Poco seguro,Algo insatisfecho
Bucaramanga,2016,Seguro,Algo insatisfecho
Bucaramanga,2016,Algo seguro,Muy insatisfecho
Bucaramanga,2016,Seguro,Algo satisfecho
Bucaramanga,2016,Algo seguro,Muy insatisfecho
Bucaramanga,2016,Muy seguro,Ni satisfecho ni insatisfecho
Bucaramanga,2016,Algo seguro,Ni satisfecho ni insatisfecho
Bucaramanga,2016,Seguro,Muy insatisfecho
Bucaramanga,2016,Algo seguro,Muy insatisfecho
Bucaramanga,2016,Algo seguro,Muy insatisfecho
Bucaramanga,2016,Poco seguro,Ni satisfecho ni insatisfecho
Bucaramanga,2016,Algo seguro,Ni satisfecho ni insatisfecho
Bucaramanga,2016,Seguro,Ni satisfecho ni insatisfecho
Bucaramanga,2016,Muy seguro,Muy insatisfecho
Bucaramanga,2016,Algo seguro,Algo insatisfecho
Bucaramanga,2016,Nada seguro,Ni satisfecho ni insatisfecho
Bucaramanga,2016,Muy seguro,Ni satisfecho ni insatisfecho
Bucaramanga,2016,Poco seguro,Algo satisfecho
Bucaramanga,2016,Nada seguro,Muy insatisfecho
Bucaramanga,2016,Seguro,Ni satisfecho ni insatisfecho
Bucaramanga,2016,Algo seguro,Ni satisfecho ni insatisfecho
Bucaramanga,2016,Algo seguro,Algo insatisfecho
Bucaramanga,2016,Poco seguro,Algo insatisfecho
Bucaramanga,2016,Algo seguro,Ni satisfecho ni insatisfecho
Bucaramanga,2016,Seguro,Algo insatisfecho
Bucaramanga,2016,Seguro,Algo insatisfecho
Bucaramanga,2016,Algo seguro,Muy insatisfecho
Bucaramanga,2016,Seguro,Ni satisfecho ni insatisfecho
Bucaramanga,2016,Seguro,Muy insatisfecho
Bucaramanga,2016,Muy seguro,Algo insatisfecho
Bucaramanga,2016,Algo seguro,Muy insatisfecho
Bucaramanga,2016,Algo seguro,Ni satisfecho ni insatisfecho
Bucaramanga,2016,Muy seguro,Muy insatisfecho
Bucaramanga,2016,Algo seguro,Algo insatisfecho
Bucaramanga,2016,Seguro,Algo insatisfecho
Bucaramanga,2016,Muy seguro,Ni satisfecho ni insatisfecho
Bucaramanga,2016,Poco seguro,Muy insatisfecho
Bucaramanga,2016,Seguro,Algo satisfecho
Bucaramanga,2016,Muy seguro,Muy insatisfecho
Bucaramanga,2016,Seguro,Algo insatisfecho
Bucaramanga,2016,Algo seguro,Algo insatisfecho
Bucaramanga,2016,Seguro,Muy insatisfecho
Bucaramanga,2016,Seguro,Muy insatisfecho
Bucaramanga,2016,Poco seguro,Algo insatisfecho
Bucaramanga,2016,Muy seguro,Muy insatisfecho
Bucaramanga,2016,Algo seguro,Algo insatisfecho
Bucaramanga,2016,Algo seguro,Algo insatisfecho
Bucaramanga,2016,Algo seguro,Algo insatisfecho
Bucaramanga,2016,Seguro,Algo insatisfecho
Bucaramanga,2016,Nada seguro,Muy insatisfecho
Bucaramanga,2016,Poco seguro,Algo insatisfecho
Bucaramanga,2016,Algo seguro,Ni satisfecho ni insatisfecho
Bucaramanga,2016,Algo seguro,Algo insatisfecho
Bucaramanga,2016,Algo seguro,Algo insatisfecho
Bucaramanga,2016,Muy seguro,Ni satisfecho ni insatisfecho
Bucaramanga,2016,Algo seguro,Algo insatisfecho
Bucaramanga,2016,Algo seguro,Algo insatisfecho
Bucaramanga,2016,Seguro,Algo satisfecho
Bucaramanga,2016,Algo seguro,Muy insatisfecho
Bucaramanga,2016,Algo seguro,Algo insatisfecho
Bucaramanga,2016,Seguro,Algo satisfecho
Bucaramanga,2016,Seguro,Ni satisfecho ni insatisfecho
Bucaramanga,2016,Seguro,Ni satisfecho ni insatisfecho
Bucaramanga,2016,Algo seguro,Algo insatisfecho
Bucaramanga,2016,Seguro,Algo insatisfecho
Bucaramanga,2016,Muy seguro,Ni satisfecho ni insatisfecho
Bucaramanga,2016,Seguro,Algo insatisfecho
Bucaramanga,2016,Algo seguro,Ni satisfecho ni insatisfecho
Bucaramanga,2016,Muy seguro,Muy insatisfecho
Bucaramanga,2016,Muy seguro,Muy satisfecho
Bucaramanga,2016,Algo seguro,Algo satisfecho
Bucaramanga,2016,Muy seguro,Algo insatisfecho
Bucaramanga,2016,Seguro,Algo insatisfecho
Bucaramanga,2016,Seguro,Ni satisfecho ni insatisfecho
Bucaramanga,2016,Seguro,Ni satisfecho ni insatisfecho
Bucaramanga,2016,Seguro,Algo satisfecho
Bucaramanga,2016,Seguro,Algo satisfecho
Bucaramanga,2016,Seguro,Algo satisfecho
Bucaramanga,2016,Seguro,Ni satisfecho ni insatisfecho
Bucaramanga,2016,Seguro,Ni satisfecho ni insatisfecho
Bucaramanga,2016,Seguro,Algo insatisfecho
Bucaramanga,2016,Seguro,Algo satisfecho
Bucaramanga,2016,Seguro,Ni satisfecho ni insatisfecho
Bucaramanga,2016,Algo seguro,Ni satisfecho ni insatisfecho
Bucaramanga,2016,Algo seguro,Muy insatisfecho
Bucaramanga,2016,Seguro,Ni satisfecho ni insatisfecho
Bucaramanga,2016,Algo seguro,Muy insatisfecho
Bucaramanga,2016,Poco seguro,Ni satisfecho ni insatisfecho
Bucaramanga,2016,Algo seguro,Ni satisfecho ni insatisfecho
Bucaramanga,2016,Algo seguro,Algo satisfecho
Bucaramanga,2016,Seguro,Algo insatisfecho
Bucaramanga,2016,Seguro,Algo satisfecho
Bucaramanga,2016,Algo seguro,Ni satisfecho ni insatisfecho
Bucaramanga,2016,Seguro,Muy insatisfecho
Bucaramanga,2016,Seguro,Muy insatisfecho
Bucaramanga,2016,Seguro,Muy insatisfecho
Bucaramanga,2016,Seguro,Algo insatisfecho
Bucaramanga,2016,Muy seguro,Muy insatisfecho
Bucaramanga,2016,Algo seguro,Ni satisfecho ni insatisfecho
Bucaramanga,2016,Poco seguro,Muy satisfecho
Bucaramanga,2016,Seguro,Ni satisfecho ni insatisfecho
Bucaramanga,2016,Muy seguro,Muy satisfecho
Bucaramanga,2016,Algo seguro,Ni satisfecho ni insatisfecho
Bucaramanga,2016,Seguro,Algo insatisfecho
Bucaramanga,2016,Algo seguro,Algo insatisfecho
Bucaramanga,2016,Algo seguro,Ni satisfecho ni insatisfecho
Bucaramanga,2016,Algo seguro,Algo insatisfecho
Bucaramanga,2016,Seguro,Algo insatisfecho
Bucaramanga,2016,Seguro,Algo insatisfecho
Bucaramanga,2016,Algo seguro,Algo satisfecho
Bucaramanga,2016,Seguro,Muy insatisfecho
Bucaramanga,2016,Algo seguro,Algo insatisfecho
Bucaramanga,2016,Seguro,Muy insatisfecho
Bucaramanga,2016,Seguro,Algo satisfecho
Bucaramanga,2016,Algo seguro,Muy insatisfecho
Bucaramanga,2016,Poco seguro,Algo insatisfecho
Bucaramanga,2016,Algo seguro,Algo insatisfecho
Bucaramanga,2016,Seguro,Muy insatisfecho
Bucaramanga,2016,Seguro,Ni satisfecho ni insatisfecho
Bucaramanga,2016,Algo seguro,Muy insatisfecho
Bucaramanga,2016,Muy seguro,Ni satisfecho ni insatisfecho
Bucaramanga,2016,Seguro,Muy insatisfecho
Bucaramanga,2016,Poco seguro,Algo insatisfecho
Bucaramanga,2016,Seguro,Algo insatisfecho
Bucaramanga,2016,Algo seguro,Muy insatisfecho
Bucaramanga,2016,Poco seguro,Ni satisfecho ni insatisfecho
Bucaramanga,2016,Seguro,Ni satisfecho ni insatisfecho
Bucaramanga,2016,Algo seguro,Algo insatisfecho
Bucaramanga,2016,Seguro,Algo insatisfecho
Bucaramanga,2016,Algo seguro,Algo insatisfecho
Bucaramanga,2016,Muy seguro,Muy insatisfecho
Bucaramanga,2016,Algo seguro,Ni satisfecho ni insatisfecho
Bucaramanga,2016,Seguro,Algo satisfecho
Bucaramanga,2016,Seguro,Algo satisfecho
Bucaramanga,2016,Seguro,Algo insatisfecho
Bucaramanga,2016,Seguro,Algo insatisfecho
Bucaramanga,2016,Seguro,Algo insatisfecho
Bucaramanga,2016,Seguro,Algo insatisfecho
Bucaramanga,2016,Muy seguro,Algo insatisfecho
Bucaramanga,2016,Muy seguro,Algo satisfecho
Bucaramanga,2016,Algo seguro,Algo satisfecho
Bucaramanga,2016,Seguro,Ni satisfecho ni insatisfecho
Bucaramanga,2016,Algo seguro,Muy insatisfecho
Bucaramanga,2016,Algo seguro,Algo insatisfecho
Bucaramanga,2016,Seguro,Muy insatisfecho
Bucaramanga,2016,Seguro,Muy insatisfecho
Bucaramanga,2016,Algo seguro,Algo insatisfecho
Bucaramanga,2016,Algo seguro,Algo insatisfecho
Bucaramanga,2016,Muy seguro,Ni satisfecho ni insatisfecho
Bucaramanga,2016,Muy seguro,Muy insatisfecho
Bucaramanga,2016,Seguro,Algo insatisfecho
Bucaramanga,2016,Seguro,Muy satisfecho
Bucaramanga,2016,Muy seguro,Muy insatisfecho
Bucaramanga,2016,Algo seguro,Algo insatisfecho
Bucaramanga,2016,Seguro,Algo insatisfecho
Bucaramanga,2016,Algo seguro,Algo insatisfecho
Bucaramanga,2016,Seguro,Ni satisfecho ni insatisfecho
Bucaramanga,2016,Seguro,Muy insatisfecho
Bucaramanga,2016,Seguro,Algo insatisfecho
Bucaramanga,2016,Algo seguro,Algo insatisfecho
Bucaramanga,2016,Algo seguro,Ni satisfecho ni insatisfecho
Bucaramanga,2016,Seguro,Muy insatisfecho
Bucaramanga,2016,Algo seguro,Muy insatisfecho
Bucaramanga,2016,Algo seguro,Muy insatisfecho
Bucaramanga,2016,Muy seguro,Algo insatisfecho
Bucaramanga,2016,Algo seguro,Ni satisfecho ni insatisfecho
Bucaramanga,2016,Algo seguro,Ni satisfecho ni insatisfecho
Bucaramanga,2016,Seguro,Muy insatisfecho
Bucaramanga,2016,Algo seguro,Muy insatisfecho
Bucaramanga,2016,Seguro,Muy insatisfecho
Bucaramanga,2016,Nada seguro,Muy insatisfecho
Bucaramanga,2016,Nada seguro,Muy insatisfecho
Bucaramanga,2016,Algo seguro,Muy insatisfecho
Bucaramanga,2016,Seguro,Algo insatisfecho
Bucaramanga,2016,Algo seguro,Muy satisfecho
Bucaramanga,2016,Muy seguro,Ni satisfecho ni insatisfecho
Bucaramanga,2016,Algo seguro,Algo insatisfecho
Bucaramanga,2016,Seguro,Muy insatisfecho
Bucaramanga,2016,Seguro,Algo insatisfecho
Bucaramanga,2016,Seguro,Ni satisfecho ni insatisfecho
Bucaramanga,2016,Algo seguro,Ni satisfecho ni insatisfecho
Bucaramanga,2016,Algo seguro,Algo satisfecho
Bucaramanga,2016,Algo seguro,Ni satisfecho ni insatisfecho
Bucaramanga,2016,Algo seguro,Ni satisfecho ni insatisfecho
Bucaramanga,2016,Algo seguro,Ni satisfecho ni insatisfecho
Bucaramanga,2016,Seguro,Algo insatisfecho
Bucaramanga,2016,Seguro,Algo insatisfecho
Bucaramanga,2016,Algo seguro,Algo insatisfecho
Bucaramanga,2016,Seguro,Algo insatisfecho
Bucaramanga,2016,Algo seguro,Algo insatisfecho
Bucaramanga,2016,Poco seguro,Algo insatisfecho
Bucaramanga,2016,Seguro,Ni satisfecho ni insatisfecho
Bucaramanga,2016,Poco seguro,Ni satisfecho ni insatisfecho
Bucaramanga,2016,Poco seguro,Algo insatisfecho
Bucaramanga,2016,Seguro,Ni satisfecho ni insatisfecho
Bucaramanga,2016,Poco seguro,Algo insatisfecho
Bucaramanga,2016,Algo seguro,Ni satisfecho ni insatisfecho
Bucaramanga,2016,Poco seguro,Muy satisfecho
Bucaramanga,2016,Muy seguro,Ni satisfecho ni insatisfecho
Bucaramanga,2016,Nada seguro,Algo insatisfecho
Bucaramanga,2016,Muy seguro,Muy insatisfecho
Bucaramanga,2016,Algo seguro,Algo insatisfecho
Bucaramanga,2016,Muy seguro,Muy insatisfecho
Bucaramanga,2016,Algo seguro,Muy insatisfecho
Bucaramanga,2016,Algo seguro,Algo insatisfecho
Bucaramanga,2016,Seguro,Muy insatisfecho
